2533, -28, -8, 285
2589, -21, 7, 237
2609, -14, 13, 227
2628, -32, -10, 317
2648, -30, 26, 234
2667, -21, 9, 242
2686, -21, 21, 232
2706, -19, 13, 236
2725, -22, 11, 234
2745, -22, 14, 241
2764, -20, 13, 234
2784, -21, 13, 235
2803, -20, 14, 235
2823, -20, 15, 236
2842, -23, 14, 234
2862, -22, 15, 235
2881, -21, 14, 235
2900, -21, 14, 235
2920, -22, 13, 236
2939, -21, 14, 237
2959, -21, 15, 236
2978, -21, 14, 236
2998, -22, 14, 234
3033, -20, 13, 234
3051, -21, 12, 236
3070, -20, 13, 236
3094, -20, 14, 236
3113, -21, 14, 236
3133, -21, 14, 234
3152, -20, 14, 237
3172, -20, 14, 234
3191, -21, 13, 234
3211, -27, 18, 233
3230, -21, 38, 238
3249, -11, -29, 243
3268, -19, -37, 253
3288, -19, -122, 246
3307, -44, 140, 234
3326, -23, 131, 285
3346, -36, -24, 324
3365, 5, -53, 292
3411, -10, 18, 255
3431, 15, 22, 254
3450, 60, 68, 247
3470, 50, 33, 289
3489, 41, 21, 270
3509, 24, 29, 223
3527, 10, 25, 245
3562, 45, 51, 226
3581, 65, 29, 242
3601, 80, 74, 239
3620, 85, 95, 260
3644, 76, 72, 256
3663, 46, 92, 202
3693, 18, 118, 155
3713, 25, 86, 183
3731, 36, 54, 178
3750, 30, 65, 165
3770, 35, 103, 147
3789, 37, 143, 125
3809, 25, 152, 148
3828, 45, 173, 162
3848, 47, 142, 162
3867, 49, 117, 159
3887, 48, 154, 150
3906, 41, 206, 139
3924, 37, 199, 144
3944, 33, 194, 153
3963, 37, 186, 131
3983, 28, 194, 115
4002, 42, 176, 136
4022, 64, 186, 144
4057, 66, 207, 135
4076, 56, 198, 137
4096, 47, 196, 134
4114, 40, 193, 133
4133, 37, 196, 124
4153, 43, 197, 123
4176, 35, 190, 120
4196, 36, 183, 115
4242, 53, 171, 105
4261, 53, 140, 131
4281, 56, 143, 128
4300, 50, 139, 159
4320, 53, 107, 165
4339, 42, 76, 166
4359, 24, 76, 153
4378, 26, 61, 175
4397, 32, 37, 202
4416, 45, -32, 249
4435, 41, -24, 240
4455, 18, 30, 225
4474, 14, 33, 232
4494, -1, 8, 271
4513, -9, -11, 281
4533, -17, -13, 270
4551, -30, 12, 292
4631, -44, 9, 258
4651, -32, -6, 234
4670, -41, -15, 302
4689, -32, -24, 274
4709, -21, 15, 255
4728, -36, 1, 266
4748, -14, -1, 223
4771, -11, -14, 203
4791, -33, -24, 233
4809, -28, -11, 259
4829, -5, -1, 238
4848, -2, 19, 240
4868, -4, 69, 237
4898, -26, 33, 231
4918, -49, 133, 358
4937, -7, -29, 257
4956, -23, 19, 239
4976, -11, 33, 235
4996, -12, 22, 234
5015, -22, -9, 226
5033, -16, -12, 240
5053, -7, 3, 249
5072, -12, 31, 235
5120, -9, 15, 191
5154, -59, -29, 298
5174, 0, 25, 193
5193, -30, 19, 242
5213, -7, 5, 225
5231, -31, -34, 248
5251, -18, 12, 231
5270, -23, 17, 234
5289, -22, 17, 234
5309, -20, 14, 236
5326, -21, 15, 236
5346, -23, 17, 236
5364, -18, 11, 235
5384, -24, 16, 238
5403, -22, 15, 238
5423, -21, 12, 236
5442, -22, 12, 235
5462, -22, 12, 235
5481, -22, 15, 235
5500, -20, 14, 233
5519, -22, 15, 234
5538, -20, 15, 236
5558, -22, 15, 233
5577, -20, 15, 234
5597, -19, 16, 237
5616, -21, 15, 234
5651, -21, 14, 234
5669, -22, 16, 235
5689, -21, 11, 235
5708, -20, 13, 234
5728, -23, 14, 234
5747, -22, 14, 234
5767, -21, 14, 235
5786, -19, 15, 236
5806, -18, 15, 235
5828, -21, 15, 235
5848, -21, 14, 236
5867, -21, 13, 235
5886, -20, 14, 235
5906, -19, 15, 236
5952, -22, 15, 235
5971, -20, 14, 237
5991, -23, 16, 237
6010, -21, 14, 234
6030, -21, 15, 238
6048, -20, 15, 234
6078, -21, 14, 235
6097, -20, 13, 235
6117, -21, 14, 235
6136, -20, 14, 235
6171, -20, 15, 236
6190, -21, 12, 233
6209, -22, 14, 234
6228, -21, 14, 236
6248, -21, 13, 235
6267, -20, 14, 234
6287, -21, 14, 235
6306, -22, 13, 234
6325, -20, 12, 234
6344, -20, 13, 234
6364, -21, 14, 234
6387, -20, 15, 236
6407, -20, 15, 235
6426, -23, 15, 236
6446, -20, 15, 234
6464, -20, 14, 236
6483, -22, 13, 235
6503, -22, 13, 236
6522, -23, 16, 239
6542, -19, 14, 236
6561, -20, 14, 234
6581, -21, 14, 237
6599, -21, 15, 233
6619, -19, 14, 233
6638, -21, 13, 233
6673, -20, 14, 237
6692, -18, 14, 234
6712, -20, 13, 235
6731, -20, 15, 236
6751, -21, 14, 238
6798, -21, 15, 235
6817, -20, 14, 235
6837, -22, 15, 235
6855, -20, 14, 236
6875, -20, 16, 235
6894, -21, 14, 235
6919, -20, 14, 237
6938, -20, 14, 234
6957, -21, 16, 236
6976, -21, 13, 235
6995, -21, 13, 236
7015, -19, 15, 236
7034, -21, 13, 235
7054, -21, 14, 235
7073, -20, 14, 233
7093, -22, 15, 235
7112, -21, 13, 233
7132, -20, 13, 232
7151, -20, 15, 237
7171, -21, 14, 235
7204, -21, 15, 235
7224, -21, 14, 232
7254, -20, 14, 236
7273, -22, 15, 234
7292, -21, 16, 236
7312, -22, 14, 233
7331, -20, 14, 235
7351, -21, 13, 236
7369, -21, 14, 234
7389, -21, 14, 238
7408, -23, 14, 234
7428, -19, 15, 234
7451, -21, 14, 234
7471, -19, 15, 235
7489, -21, 14, 238
7508, -22, 14, 237
7528, -21, 12, 233
7547, -21, 14, 233
7567, -22, 15, 234
7613, -21, 13, 233
7632, -20, 14, 235
7652, -20, 13, 236
7671, -21, 14, 234
7690, -19, 16, 234
7725, -20, 13, 235
7744, -19, 16, 235
7763, -20, 15, 236
7783, -20, 13, 234
7801, -20, 13, 237
7821, -19, 13, 236
7840, -19, 14, 234
7860, -20, 14, 233
7879, -21, 15, 234
7899, -22, 12, 235
7917, -21, 13, 235
7937, -20, 12, 234
7956, -23, 14, 231
7975, -20, 13, 233
7993, -22, 14, 233
8012, -19, 12, 230
8031, -21, 14, 236
8050, -23, 13, 236
8070, -21, 12, 234
8089, -22, 16, 236
8109, -21, 14, 239
8127, -21, 15, 237
8146, -21, 13, 236
8166, -20, 15, 233
8185, -18, 14, 234
8220, -21, 13, 235
8240, -21, 15, 234
8258, -22, 15, 236
8278, -21, 11, 234
8297, -21, 14, 235
8316, -23, 14, 232
8336, -21, 13, 234
8354, -20, 15, 235
8374, -21, 13, 234
8404, -22, 13, 236
8423, -19, 14, 234
8470, -22, 14, 235
8489, -21, 15, 237
8508, -22, 13, 236
8531, -22, 13, 236
8551, -21, 15, 235
8570, -21, 14, 234
8590, -19, 14, 234
8609, -20, 15, 232
8629, -20, 14, 235
8648, -21, 15, 235
8667, -21, 15, 234
8686, -20, 15, 236
8706, -20, 15, 235
8775, -22, 14, 237
8795, -21, 15, 236
8814, -20, 14, 233
8834, -20, 15, 237
8853, -21, 13, 235
8871, -21, 14, 236
8891, -21, 12, 234
8910, -23, 14, 234
8930, -22, 13, 233
8949, -21, 15, 237
8969, -20, 14, 235
8988, -21, 13, 233
9008, -20, 14, 233
9026, -20, 13, 234
9046, -20, 14, 233
9065, -21, 14, 234
9089, -21, 15, 236
9107, -22, 14, 234
9126, -21, 15, 235
9145, -21, 15, 236
9164, -22, 15, 236
9183, -21, 15, 235
9202, -19, 15, 237
9221, -21, 13, 234
9240, -22, 15, 235
9274, -20, 13, 235
9320, -20, 15, 236
9339, -20, 14, 237
9358, -21, 15, 235
9377, -20, 13, 236
9396, -19, 14, 236
9415, -22, 16, 238
9434, -22, 14, 236
9453, -21, 14, 233
9472, -20, 14, 236
9491, -19, 14, 238
9509, -20, 13, 236
9529, -20, 13, 235
9547, -21, 15, 234
9567, -21, 14, 233
9585, -22, 15, 233
9619, -21, 14, 233
9637, -20, 15, 235
9657, -21, 16, 235
9675, -20, 15, 234
9695, -21, 14, 234
9713, -22, 13, 233
9733, -21, 14, 235
9751, -21, 15, 236
9786, -21, 14, 236
9804, -21, 15, 233
9824, -21, 13, 236
9842, -21, 13, 235
9862, -20, 14, 234
9880, -19, 15, 235
9900, -22, 15, 235
9918, -22, 15, 236
9936, -20, 14, 236
9956, -21, 15, 234
9975, -22, 15, 234
9994, -21, 16, 237
10013, -22, 14, 235
10032, -21, 13, 232
10051, -20, 14, 234
10070, -21, 13, 235
10089, -22, 13, 234
10134, -20, 15, 235
10158, -23, 14, 236
10177, -22, 14, 235
10196, -22, 13, 235
10216, -20, 13, 236
10235, -21, 14, 237
10255, -21, 13, 234
10274, -19, 13, 235
10308, -22, 14, 237
10328, -21, 15, 235
10347, -20, 14, 236
10366, -21, 14, 234
10386, -22, 16, 236
10405, -22, 14, 234
10425, -21, 16, 237
10444, -22, 13, 235
10464, -22, 13, 235
10483, -22, 14, 236
10503, -21, 14, 236
10522, -20, 14, 235
10542, -21, 16, 236
10561, -21, 13, 235
10580, -21, 14, 236
10600, -21, 14, 235
10618, -19, 15, 235
10642, -21, 15, 235
10661, -21, 13, 237
10681, -20, 12, 236
10700, -20, 14, 236
10720, -21, 13, 236
10739, -20, 13, 235
10769, -21, 13, 236
10804, -20, 14, 237
10823, -21, 14, 236
10843, -20, 14, 234
10862, -22, 13, 233
10882, -21, 14, 234
10901, -22, 13, 238
10920, -20, 14, 237
10968, -21, 13, 235
10987, -21, 13, 235
11006, -21, 13, 235
11026, -22, 13, 235
11045, -21, 14, 235
11065, -19, 14, 235
11084, -21, 14, 235
11104, -20, 13, 233
11123, -21, 14, 235
11143, -21, 13, 236
11166, -21, 15, 234
11186, -21, 13, 234
11205, -22, 14, 235
11225, -21, 16, 236
11244, -21, 13, 237
11264, -21, 15, 233
11283, -22, 14, 237
11302, -21, 13, 235
11336, -21, 13, 235
11356, -21, 14, 234
11375, -21, 14, 235
11395, -21, 14, 235
11414, -21, 13, 236
11433, -21, 14, 233
11453, -21, 14, 233
11472, -21, 15, 236
11492, -20, 14, 235
11511, -20, 14, 233
11531, -22, 14, 236
11549, -20, 15, 234
11569, -21, 14, 238
11588, -22, 15, 236
11608, -21, 14, 236
11627, -19, 15, 236
11646, -21, 14, 234
11670, -22, 15, 235
11689, -21, 13, 233
11709, -19, 15, 235
11728, -21, 14, 234
11774, -19, 15, 237
11794, -21, 13, 233
11813, -20, 14, 236
11848, -21, 14, 234
11867, -22, 13, 235
11886, -20, 14, 234
11906, -20, 14, 234
11925, -21, 15, 236
11944, -21, 13, 235
11974, -21, 14, 235
11994, -20, 13, 236
12013, -22, 13, 235
12033, -21, 15, 235
12052, -21, 13, 234
12071, -19, 14, 235
12091, -21, 15, 236
12110, -20, 15, 236
12129, -22, 13, 234
12148, -24, 14, 235
12168, -21, 14, 234
12191, -23, 13, 233
12211, -21, 14, 234
12230, -21, 14, 232
12250, -21, 14, 235
12269, -18, 14, 235
12289, -21, 14, 236
12308, -22, 13, 235
12326, -20, 12, 233
12361, -22, 14, 233
12381, -19, 16, 236
12400, -22, 15, 237
12420, -21, 15, 233
12439, -21, 16, 236
12459, -22, 14, 235
12478, -22, 14, 236
12497, -22, 14, 235
12517, -21, 15, 234
12535, -19, 14, 233
12555, -22, 13, 234
12574, -21, 15, 236
12621, -21, 14, 234
12641, -21, 14, 237
12660, -21, 14, 235
12680, -21, 14, 235
12699, -19, 15, 237
12723, -23, 14, 236
12742, -21, 14, 236
12762, -21, 15, 232
12781, -20, 15, 236
12801, -22, 14, 234
12820, -22, 15, 237
12839, -20, 14, 235
12874, -21, 13, 235
12893, -21, 13, 234
12912, -23, 15, 236
12932, -19, 16, 235
12951, -22, 14, 236
12971, -22, 14, 236
12990, -18, 13, 234
13009, -21, 14, 235
13029, -21, 14, 236
13048, -21, 14, 235
13068, -20, 14, 235
13087, -21, 14, 235
13107, -21, 16, 236
13136, -20, 14, 234
13155, -21, 14, 236
13174, -21, 15, 233
13194, -20, 13, 236
13217, -20, 13, 236
13237, -20, 16, 234
13256, -21, 15, 233
13276, -19, 13, 234
13295, -21, 13, 234
13315, -19, 14, 237
13334, -20, 13, 233
13353, -22, 16, 239
13425, -20, 14, 235
13445, -20, 16, 234
13491, -19, 14, 237
13510, -20, 14, 235
13530, -21, 14, 235
13549, -22, 15, 237
13569, -22, 15, 234
13588, -20, 13, 235
13606, -23, 14, 236
13626, -20, 14, 236
13645, -20, 15, 235
13665, -22, 15, 237
13684, -20, 14, 233
13704, -20, 16, 237
13723, -21, 15, 235
13743, -21, 13, 236
13765, -22, 14, 235
13785, -21, 14, 234
13804, -20, 15, 235
13824, -21, 13, 234
13843, -22, 13, 235
13862, -22, 16, 236
13882, -21, 13, 236
13901, -21, 14, 235
13935, -21, 14, 234
13955, -21, 13, 236
13974, -21, 16, 237
13993, -21, 14, 235
14013, -21, 14, 236
14032, -20, 14, 236
14052, -21, 14, 234
14071, -21, 16, 235
14091, -21, 12, 234
14109, -22, 15, 235
14129, -21, 14, 236
14148, -20, 14, 235
14168, -21, 13, 236
14187, -21, 15, 236
14206, -19, 14, 237
14226, -21, 14, 235
14245, -20, 16, 235
14296, -22, 13, 237
14315, -21, 12, 235
14334, -20, 14, 233
14364, -20, 14, 234
14383, -22, 14, 235
14402, -23, 14, 234
14422, -20, 21, 234
14474, -20, 11, 233
14493, -20, 13, 231
14513, -23, 15, 235
14531, -22, 13, 235
14551, -21, 18, 231
14570, -23, 14, 240
14589, -20, 12, 234
14609, -21, 13, 235
14628, -21, 15, 235
14648, -21, 14, 233
14667, -21, 13, 235
14686, -22, 12, 235
14705, -19, 14, 234
14725, -22, 14, 238
14744, -19, 14, 235
14764, -23, 15, 240
14783, -20, 13, 234
14807, -26, 17, 246
14826, -24, 5, 221
14844, -19, 22, 234
14864, -23, 22, 233
14883, -16, 15, 231
14903, -20, 13, 235
14922, -22, 15, 234
14942, -21, 14, 236
14977, -18, 11, 235
14995, -17, 11, 231
15014, -19, 13, 236
15034, -25, 18, 238
15053, -20, 16, 233
15073, -20, 15, 237
15092, -21, 13, 236
15112, -20, 13, 234
15158, -21, 14, 235
15177, -20, 14, 236
15197, -19, 15, 235
15215, -22, 14, 238
15235, -20, 14, 236
15254, -21, 14, 236
15273, -22, 13, 233
15293, -20, 14, 234
15312, -21, 13, 235
15330, -19, 14, 236
15349, -19, 13, 236
15368, -21, 13, 237
15387, -21, 15, 236
15407, -19, 15, 236
15426, -20, 13, 234
15446, -20, 14, 236
15465, -21, 14, 234
15499, -20, 14, 235
15518, -21, 14, 234
15548, -19, 12, 237
15567, -21, 15, 233
15587, -21, 13, 233
15606, -20, 13, 236
15626, -22, 14, 234
15645, -21, 14, 236
15664, -20, 14, 233
15683, -19, 13, 235
15703, -20, 8, 234
15722, -13, -7, 247
15741, -19, -77, 233
15761, 1, -1, 239
15780, -4, 126, 221
15799, -20, 119, 206
15822, -73, 59, 222
15842, -28, 27, 234
15861, -22, 11, 242
15881, -25, -38, 245
15900, -32, -50, 249
15919, -73, 3, 263
15938, -61, -22, 266
15984, -7, 66, 221
16019, -46, 123, 237
16038, -50, 129, 233
16058, -5, 11, 223
16077, 23, -62, 217
16097, 16, -95, 186
16116, -40, -52, 182
16135, -46, -62, 211
16154, -19, -32, 227
16174, -93, 163, 293
16193, -208, 77, 186
16212, -36, -26, 248
16232, 2, -47, 248
16251, 12, -51, 216
16270, -92, -56, 220
16289, -92, 6, 238
16309, -26, -53, 193
16332, -8, -114, 217
16352, -59, -33, 215
16371, -61, -21, 228
16390, -45, -20, 222
16409, -32, -37, 205
16429, -17, -51, 201
16448, -46, -23, 216
16467, -56, -15, 227
16487, -61, -56, 243
16521, -49, -68, 244
16540, -58, -35, 243
16560, -50, -41, 232
16579, -32, -20, 208
16599, -25, -24, 207
16618, -22, -38, 235
16637, -45, -40, 240
16656, -46, -43, 232
16675, -37, -35, 270
16705, -21, -13, 242
16724, -10, -23, 232
16744, -23, -35, 225
16763, -45, -57, 245
16783, -39, -17, 248
16833, -27, -10, 222
16852, -28, -12, 228
16872, -20, -7, 243
16890, -19, -2, 230
16910, -26, -2, 245
16929, -29, -2, 238
16949, -40, -4, 239
16968, -28, -3, 238
16988, -7, 3, 225
17006, 25, -102, 86
17041, -79, 219, 433
17060, -80, 15, 451
17080, -14, 49, 212
17098, -24, 7, 245
17118, -21, 21, 228
17137, -19, 13, 234
17157, -22, 13, 238
17176, -23, 13, 237
17196, -20, 10, 237
17215, -24, 17, 232
17233, -20, 12, 229
17253, -23, 14, 237
17272, -20, 12, 234
17292, -22, 15, 235
17311, -21, 14, 234
17334, -23, 14, 236
17353, -22, 12, 234
17372, -21, 14, 236
17391, -21, 16, 235
17410, -20, 15, 236
17429, -20, 12, 237
17447, -21, 12, 236
17467, -22, 13, 233
17485, -22, 13, 235
17505, -22, 15, 238
17539, -21, 14, 234
17558, -22, 13, 235
17576, -22, 14, 234
17596, -23, 14, 237
17678, -21, 13, 235
17697, -23, 15, 236
17716, -19, 14, 230
17735, -20, 15, 234
17754, -23, 15, 234
17773, -23, 15, 235
17792, -21, 16, 235
17811, -21, 14, 236
17829, -21, 14, 235
17849, -21, 12, 234
17871, -22, 13, 235
17890, -21, 15, 235
17920, -21, 12, 231
17939, -22, 13, 236
17957, -21, 14, 235
17977, -23, 15, 235
17995, -21, 13, 233
18015, -21, 14, 236
18033, -20, 15, 235
18053, -20, 15, 236
18086, -22, 15, 234
18105, -21, 13, 234
18124, -19, 13, 234
18144, -20, 13, 233
18162, -21, 15, 236
18182, -20, 13, 237
18200, -21, 13, 233
18220, -21, 14, 235
18238, -21, 14, 234
18257, -22, 14, 234
18276, -21, 15, 234
18295, -19, 15, 235
18314, -21, 13, 235
18333, -22, 14, 234
18356, -22, 13, 235
18375, -23, 13, 237
18395, -21, 13, 235
18414, -22, 15, 235
18434, -23, 14, 236
18480, -21, 15, 234
18499, -22, 15, 233
18519, -22, 14, 236
18538, -22, 14, 234
18557, -21, 14, 235
18577, -21, 16, 236
18612, -22, 13, 237
18631, -23, 20, 237
18650, -21, 18, 231
18669, -21, 14, 237
18689, -23, 13, 233
18708, -22, 17, 236
18727, -21, 10, 232
18747, -22, 13, 235
18766, -25, 14, 236
18786, -22, 14, 233
18805, -20, 16, 235
18825, -21, 11, 228
18844, -22, 11, 233
18864, -20, 11, 235
18887, -20, 13, 234
18907, -21, 13, 234
18925, -22, 14, 234
18945, -21, 15, 235
18964, -21, 16, 234
18983, -22, 15, 235
19003, -22, 14, 235
19022, -22, 15, 233
19042, -21, 14, 234
19072, -21, 14, 234
19106, -21, 12, 232
19126, -21, 14, 235
19145, -22, 16, 235
19165, -22, 13, 235
19184, -22, 15, 235
19204, -20, 15, 238
19222, -22, 14, 230
19241, -24, 16, 239
19261, -20, 15, 236
19280, -21, 13, 234
19328, -22, 13, 233
19347, -20, 16, 235
19366, -23, 13, 234
19386, -21, 13, 235
19409, -22, 14, 237
19428, -20, 15, 234
19447, -21, 16, 235
19467, -23, 12, 235
19486, -22, 14, 235
19506, -22, 12, 232
19525, -21, 14, 234
19545, -22, 13, 234
19564, -21, 13, 235
19584, -21, 14, 235
19603, -21, 13, 234
19638, -22, 14, 235
19656, -23, 14, 234
19676, -21, 16, 237
19695, -21, 15, 235
19715, -22, 14, 235
19734, -22, 14, 232
19753, -20, 15, 237
19773, -22, 14, 235
19792, -22, 13, 232
19812, -21, 14, 236
19831, -21, 15, 235
19851, -21, 13, 236
19870, -22, 13, 231
19890, -21, 12, 235
19906, -22, 14, 236
19926, -22, 14, 237
19945, -22, 15, 235
19964, -21, 14, 235
19984, -22, 14, 234
20003, -21, 12, 234
20023, -23, 14, 235
20042, -21, 15, 234
20062, -22, 14, 237
20081, -20, 14, 236
20101, -22, 14, 234
20162, -21, 15, 234
20182, -21, 13, 234
20201, -22, 14, 233
20220, -21, 14, 234
20239, -22, 13, 236
20270, -21, 14, 234
20288, -22, 14, 234
20307, -22, 14, 236
20327, -22, 15, 235
20346, -22, 13, 233
20366, -20, 14, 235
20385, -20, 15, 237
20405, -21, 15, 235
20428, -20, 14, 234
20448, -23, 14, 235
20467, -21, 14, 236
20487, -20, 14, 235
20505, -22, 14, 236
20525, -21, 14, 237
20544, -22, 14, 235
20563, -22, 12, 235
20583, -23, 14, 234
20602, -22, 14, 235
20622, -21, 15, 237
20657, -22, 14, 234
20675, -21, 14, 236
20695, -22, 13, 235
20714, -21, 14, 235
20733, -21, 13, 234
20753, -22, 14, 235
20772, -23, 15, 237
20792, -20, 14, 234
20811, -10, 11, 223
20831, -26, 9, 234
20849, -38, 20, 238
20869, -26, -5, 238
20888, -9, 17, 240
20912, 44, 37, 234
20931, 44, -47, 260
20977, 17, -134, 249
20997, -27, -68, 267
21016, -13, 11, 257
21036, -2, 55, 208
21055, -25, 92, 197
21074, -52, 66, 194
21094, -89, 65, 216
21113, -71, 75, 209
21132, -77, 73, 203
21151, -83, 67, 213
21186, -92, 19, 233
21206, -83, 39, 227
21225, -76, 60, 219
21244, -73, 67, 223
21264, -21, 23, 301
21282, -6, 35, 200
21302, -53, -56, 352
21321, 6, 10, 241
21341, -30, 26, 232
21360, -14, 12, 238
21380, -19, 16, 228
21399, -25, 25, 238
21429, -22, 14, 236
21452, -21, 14, 236
21472, -21, 14, 235
21491, -22, 13, 234
21511, -21, 13, 233
21529, -20, 13, 235
21549, -20, 14, 236
21568, -20, 15, 234
21587, -21, 14, 235
21607, -21, 14, 235
21626, -21, 14, 235
21646, -21, 14, 234
21681, -22, 13, 236
21699, -21, 16, 233
21719, -20, 14, 234
21738, -19, 13, 235
21757, -20, 14, 234
21777, -20, 14, 234
21823, -22, 13, 235
21842, -20, 13, 235
21862, -20, 13, 236
21881, -21, 14, 233
21901, -21, 13, 233
21920, -20, 14, 234
21940, -21, 14, 234
21962, -22, 14, 238
21982, -20, 13, 235
22001, -21, 15, 236
22021, -21, 13, 235
22040, -20, 13, 236
22060, -21, 13, 233
22079, -21, 12, 234
22098, -22, 14, 235
22117, -19, 13, 233
22136, -19, 13, 236
22156, -20, 13, 235
22175, -21, 14, 235
22245, -21, 14, 235
22264, -21, 15, 234
22284, -22, 14, 235
22303, -21, 14, 235
22323, -20, 16, 236
22341, -20, 14, 234
22361, -21, 15, 235
22380, -22, 13, 235
22400, -20, 13, 235
22419, -22, 12, 235
22438, -20, 13, 235
22458, -20, 13, 233
22477, -22, 13, 234
22500, -20, 14, 236
22519, -20, 14, 233
22539, -19, 13, 237
22558, -21, 14, 236
22578, -20, 13, 234
22597, -21, 15, 236
22627, -21, 14, 235
22673, -21, 13, 234
22692, -20, 13, 234
22712, -20, 12, 234
22731, -20, 12, 235
22765, -20, 13, 237
22785, -22, 14, 235
22804, -19, 13, 235
22823, -23, 13, 234
22843, -21, 13, 233
22862, -21, 13, 234
22882, -19, 13, 236
22900, -19, 14, 235
22920, -21, 14, 234
22939, -20, 14, 235
22959, -19, 14, 235
22978, -21, 13, 235
22998, -21, 13, 234
23021, -22, 14, 234
23041, -20, 13, 235
23059, -21, 12, 235
23078, -22, 12, 234
23098, -22, 12, 235
23117, -21, 15, 234
23137, -21, 13, 234
23156, -22, 13, 234
23176, -19, 12, 233
23194, -21, 12, 235
23214, -22, 13, 235
23233, -22, 14, 237
23268, -21, 13, 236
23287, -19, 12, 234
23307, -21, 14, 236
23326, -20, 13, 234
23345, -19, 14, 236
23364, -22, 14, 237
23384, -20, 12, 236
23403, -21, 15, 234
23422, -19, 14, 237
23442, -22, 14, 235
23461, -19, 14, 236
23507, -22, 12, 236
23531, -19, 13, 235
23550, -21, 13, 236
23570, -21, 12, 236
23588, -21, 14, 235
23608, -21, 14, 236
23627, -20, 14, 235
23647, -19, 13, 234
23666, -21, 13, 234
23686, -20, 13, 232
23705, -20, 14, 234
23724, -19, 14, 235
23743, -19, 14, 237
23778, -20, 14, 235
23797, -21, 13, 235
23827, -21, 12, 235
23846, -21, 13, 236
23866, -20, 12, 235
23885, -21, 12, 234
23904, -20, 13, 234
23923, -20, 13, 235
23943, -21, 13, 234
23962, -20, 10, 234
23982, -39, -33, 234
24001, -29, -81, 232
24020, -13, -86, 243
24044, -46, 155, 264
24062, -4, 39, 225
24082, -40, 21, 243
24101, -31, 41, 214
24121, -29, 39, 236
24140, -17, -6, 247
24160, -16, 8, 227
24178, -22, 38, 235
24198, -32, 48, 238
24217, -11, -9, 247
24237, -18, -7, 255
24256, -19, 8, 232
24290, -33, 54, 215
24337, -15, 14, 233
24356, -13, 22, 223
24375, -23, 43, 203
24394, -13, 51, 219
24414, -53, 37, 284
24433, -4, -3, 231
24453, -24, 26, 229
24472, -22, 16, 233
24492, -20, 12, 238
24510, -21, 11, 237
24529, -21, 14, 234
24553, -20, 13, 235
24572, -22, 14, 234
24592, -21, 13, 236
24611, -21, 14, 233
24630, -21, 14, 235
24649, -20, 14, 234
24669, -22, 12, 237
24688, -21, 13, 237
24708, -21, 14, 235
24727, -22, 13, 236
24745, -20, 13, 234
24765, -22, 13, 234
24800, -22, 14, 235
24819, -21, 14, 235
24839, -21, 14, 233
24858, -21, 14, 237
24877, -22, 15, 236
24896, -21, 14, 237
24915, -21, 14, 237
24935, -21, 13, 234
24954, -20, 14, 234
24984, -21, 14, 236
25004, -21, 13, 236
25023, -22, 12, 233
25041, -21, 12, 235
25059, -21, 16, 237
25078, -22, 12, 234
25098, -22, 13, 233
25117, -21, 13, 233
25163, -21, 13, 235
25183, -21, 12, 234
25202, -22, 14, 235
25222, -22, 14, 236
25240, -21, 13, 232
25260, -20, 12, 235
25279, -20, 15, 235
25298, -20, 14, 235
25333, -21, 12, 233
25352, -20, 15, 233
25371, -22, 15, 233
25391, -21, 13, 236
25410, -20, 15, 236
25430, -22, 14, 239
25449, -21, 12, 234
25468, -21, 14, 235
25487, -20, 14, 236
25506, -20, 14, 235
25526, -22, 15, 233
25545, -22, 13, 235
25568, -20, 14, 232
25587, -21, 13, 235
25606, -22, 13, 235
25625, -21, 13, 234
25644, -21, 13, 234
25663, -21, 14, 233
25681, -20, 14, 235
25701, -22, 11, 236
25719, -21, 15, 234
25739, -21, 14, 235
25757, -22, 14, 235
25777, -19, 14, 235
25795, -21, 15, 236
25830, -21, 14, 236
25848, -22, 13, 235
25868, -22, 12, 234
25886, -20, 12, 235
25906, -21, 12, 236
25924, -20, 12, 236
25944, -21, 15, 237
25990, -22, 12, 236
26008, -21, 13, 233
26028, -20, 12, 235
26046, -21, 15, 237
26068, -22, 15, 233
26088, -20, 15, 235
26106, -20, 15, 236
26126, -22, 13, 233
26155, -23, 14, 234
26174, -22, 13, 235
26192, -22, 13, 233
26212, -20, 13, 236
26230, -20, 14, 236
26250, -21, 14, 238
26269, -20, 13, 234
26288, -20, 13, 236
26307, -21, 12, 235
26341, -20, 14, 235
26359, -20, 15, 236
26379, -22, 12, 235
26397, -20, 13, 236
26417, -21, 14, 232
26435, -21, 13, 234
26455, -20, 14, 235
26473, -21, 15, 234
26492, -20, 14, 234
26511, -22, 13, 234
26530, -22, 13, 235
26549, -21, 13, 235
26572, -21, 13, 234
26592, -19, 13, 235
26611, -22, 12, 236
26631, -22, 13, 233
26650, -21, 15, 235
26670, -21, 14, 235
26688, -21, 14, 236
26707, -20, 13, 236
26727, -20, 13, 235
26746, -20, 13, 234
26831, -21, 12, 235
26851, -22, 13, 235
26886, -21, 13, 235
26905, -20, 15, 239
26925, -21, 13, 235
26944, -20, 13, 237
26963, -21, 12, 235
26983, -21, 14, 234
27002, -20, 14, 236
27022, -22, 14, 235
27041, -20, 14, 235
27061, -21, 13, 235
27080, -21, 15, 236
27100, -21, 14, 235
27122, -21, 15, 236
27142, -21, 13, 234
27161, -20, 13, 236
27181, -21, 15, 237
27200, -22, 12, 235
27219, -21, 14, 235
27239, -20, 14, 235
27258, -22, 13, 236
27278, -21, 13, 236
27297, -21, 13, 236
27317, -20, 13, 234
27346, -23, 14, 234
27366, -20, 13, 236
27401, -20, 14, 235
27420, -20, 15, 235
27439, -20, 13, 235
27458, -22, 14, 235
27478, -22, 14, 237
27497, -21, 14, 234
27516, -20, 13, 233
27536, -22, 14, 237
27555, -22, 15, 236
27575, -20, 15, 234
27594, -22, 14, 233
27618, -21, 15, 235
27680, -20, 15, 236
27700, -21, 13, 235
27719, -23, 13, 235
27739, -21, 12, 235
27758, -21, 14, 233
27778, -20, 15, 235
27797, -19, 13, 236
27816, -21, 12, 233
27836, -21, 14, 237
27855, -19, 13, 235
27875, -20, 16, 236
27893, -21, 14, 233
27929, -21, 14, 233
27949, -20, 13, 235
27968, -21, 13, 235
27987, -20, 14, 235
28007, -22, 14, 235
28026, -20, 13, 235
28046, -21, 13, 235
28065, -21, 15, 238
28085, -23, 13, 234
28104, -21, 13, 235
28124, -20, 13, 235
28143, -22, 13, 236
28167, -22, 14, 235
28186, -20, 13, 235
28206, -21, 12, 234
28225, -21, 15, 237
28244, -20, 15, 234
28264, -20, 12, 234
28283, -21, 14, 236
28303, -20, 14, 237
28322, -20, 14, 236
28342, -22, 14, 235
28361, -20, 13, 236
28381, -23, 12, 234
28400, -22, 15, 235
28435, -22, 13, 236
28454, -20, 14, 236
28474, -21, 14, 234
28520, -22, 15, 235
28539, -21, 12, 234
28569, -21, 14, 237
28589, -21, 13, 234
28608, -20, 13, 233
28627, -23, 14, 235
28647, -20, 14, 233
28666, -22, 13, 234
28690, -22, 14, 236
28709, -21, 14, 236
28729, -21, 14, 235
28748, -21, 14, 235
28768, -21, 12, 236
28786, -20, 13, 235
28806, -19, 16, 237
28825, -20, 14, 234
28845, -22, 13, 235
28864, -21, 12, 235
28883, -21, 13, 233
28903, -19, 13, 235
28922, -21, 16, 236
28957, -21, 13, 233
28976, -21, 12, 235
28995, -21, 13, 235
29015, -20, 10, 234
29034, -22, 14, 236
29053, -21, 15, 235
29073, -21, 16, 236
29092, -21, 14, 236
29112, -22, 13, 235
29131, -23, 13, 234
29151, -22, 14, 234
29169, -20, 15, 237
29193, -21, 13, 236
29212, -21, 14, 234
29232, -22, 13, 235
29251, -21, 14, 234
29271, -20, 13, 234
29290, -21, 13, 233
29337, -21, 12, 236
29357, -21, 14, 235
29376, -20, 14, 236
29395, -20, 14, 235
29415, -20, 14, 233
29433, -20, 15, 236
29453, -20, 12, 233
29488, -20, 14, 234
29507, -21, 14, 235
29527, -22, 14, 235
29546, -20, 14, 236
29565, -22, 14, 235
29585, -22, 13, 233
29604, -21, 14, 234
29624, -21, 13, 234
29642, -23, 14, 234
29662, -20, 14, 235
29681, -22, 13, 235
29705, -22, 14, 234
29735, -20, 11, 235
29754, -20, 15, 236
29773, -20, 13, 236
29793, -21, 13, 237
29812, -20, 15, 235
29832, -21, 13, 237
29851, -21, 15, 236
29871, -21, 12, 236
29890, -21, 14, 234
29910, -22, 15, 236
29929, -21, 12, 235
29948, -21, 13, 235
29983, -21, 13, 234
30003, -20, 14, 236
30022, -19, 12, 234
30042, -21, 14, 234
30061, -21, 16, 236
30081, -20, 12, 234
30100, -20, 14, 234
30119, -21, 13, 236
30139, -22, 13, 233
30185, -21, 12, 235
30204, -21, 14, 235
30228, -19, 14, 236
30247, -20, 13, 237
30267, -20, 14, 237
30286, -22, 13, 236
30306, -20, 15, 238
30325, -20, 14, 236
30345, -20, 12, 233
30363, -21, 13, 237
30383, -21, 15, 236
30402, -21, 13, 233
30422, -21, 14, 235
30441, -21, 13, 235
30460, -20, 15, 235
30480, -20, 11, 235
30515, -21, 14, 234
30534, -21, 14, 235
30554, -21, 12, 232
30573, -21, 16, 238
30593, -21, 13, 235
30611, -22, 14, 235
30630, -20, 13, 235
30650, -22, 15, 235
30669, -21, 13, 234
30689, -20, 14, 236
30708, -21, 14, 235
30732, -22, 14, 235
30751, -22, 13, 234
30771, -20, 14, 235
30790, -20, 13, 235
30810, -20, 15, 236
30829, -21, 14, 234
30849, -22, 13, 233
30867, -21, 13, 235
30897, -22, 15, 236
30916, -22, 13, 234
30936, -21, 13, 234
30955, -22, 15, 235
31044, -19, 13, 237
31079, -21, 12, 235
31098, -21, 14, 236
31118, -22, 13, 233
31137, -22, 13, 235
31157, -23, 13, 235
31176, -21, 13, 236
31196, -21, 13, 234
31214, -20, 15, 236
31234, -20, 15, 235
31253, -21, 15, 234
31272, -19, 13, 233
31296, -21, 13, 235
31315, -20, 14, 237
31335, -21, 15, 235
31354, -21, 14, 234
31373, -19, 11, 235
31392, -22, 14, 236
31412, -21, 13, 234
31431, -21, 14, 234
31451, -20, 13, 235
31470, -21, 13, 235
31490, -21, 13, 234
31508, -21, 14, 233
31527, -19, 15, 235
31547, -21, 13, 235
31582, -21, 14, 236
31601, -20, 14, 236
31621, -23, 12, 237
31640, -22, 13, 234
31660, -20, 12, 234
31679, -21, 15, 233
31698, -19, 15, 237
31718, -21, 13, 237
31737, -22, 15, 234
31756, -22, 15, 236
31779, -21, 15, 236
31799, -21, 13, 235
31818, -22, 15, 235
31865, -21, 12, 234
31884, -21, 13, 235
31903, -22, 12, 235
31923, -20, 14, 235
31942, -20, 12, 237
31962, -21, 14, 236
31981, -20, 15, 235
32001, -20, 14, 235
32020, -20, 14, 235
32038, -22, 13, 233
32058, -22, 13, 236
32094, -22, 13, 234
32113, -21, 12, 232
32143, -21, 13, 234
32162, -21, 16, 237
32182, -20, 12, 235
32201, -22, 15, 236
32221, -21, 13, 236
32240, -19, 13, 235
32260, -21, 14, 232
32279, -21, 14, 234
32299, -20, 13, 236
32322, -22, 14, 235
32340, -23, 14, 234
32360, -20, 14, 237
32380, -21, 12, 234
32399, -21, 13, 236
32418, -22, 14, 235
32438, -20, 14, 234
32457, -19, 15, 235
32477, -21, 14, 236
32496, -20, 14, 233
32516, -22, 12, 234
32535, -22, 14, 234
32555, -21, 14, 235
32574, -21, 12, 236
32608, -20, 13, 236
32627, -22, 12, 235
32647, -21, 13, 233
32666, -21, 14, 236
32712, -21, 13, 234
32732, -21, 15, 236
32751, -21, 14, 234
32771, -19, 15, 235
32789, -21, 14, 236
32808, -21, 14, 235
32832, -20, 14, 237
32851, -21, 12, 235
32871, -21, 14, 234
32890, -21, 13, 235
32909, -21, 14, 234
32928, -22, 14, 235
32948, -22, 14, 234
32967, -21, 12, 235
32987, -20, 13, 234
33006, -21, 14, 234
33026, -22, 15, 235
33045, -20, 14, 234
33063, -20, 13, 235
33083, -22, 15, 234
33118, -23, 13, 236
33137, -20, 14, 235
33157, -19, 14, 237
33175, -21, 15, 237
33195, -21, 14, 234
33214, -22, 14, 236
33233, -19, 13, 235
33253, -22, 14, 235
33272, -21, 12, 234
33302, -21, 13, 233
33321, -20, 12, 236
33344, -21, 14, 235
33363, -21, 13, 236
33383, -20, 14, 237
33402, -20, 16, 235
33422, -22, 13, 236
33441, -21, 14, 235
33461, -21, 15, 236
33479, -19, 13, 234
33526, -20, 13, 235
33546, -21, 14, 237
33564, -20, 13, 234
33584, -20, 12, 234
33603, -20, 12, 236
33638, -20, 13, 235
33657, -20, 13, 234
33677, -21, 14, 237
33696, -20, 15, 236
33716, -21, 14, 235
33735, -22, 14, 234
33755, -21, 13, 234
33774, -21, 13, 235
33794, -22, 13, 234
33813, -21, 14, 236
33832, -19, 12, 236
33855, -21, 14, 234
33874, -20, 13, 234
33894, -21, 13, 235
33912, -19, 16, 237
33932, -20, 14, 235
33950, -22, 14, 235
33970, -22, 14, 235
33989, -21, 14, 236
34008, -21, 14, 236
34027, -20, 14, 234
34045, -22, 15, 237
34065, -20, 14, 236
34083, -21, 13, 234
34103, -21, 13, 236
34137, -21, 14, 235
34156, -21, 14, 234
34174, -21, 14, 235
34194, -21, 14, 237
34213, -21, 13, 236
34232, -20, 14, 235
34251, -19, 15, 237
34270, -21, 13, 235
34289, -21, 14, 235
34308, -22, 13, 237
34358, -22, 13, 236
34376, -21, 13, 236
34396, -19, 15, 239
34414, -22, 13, 235
34434, -20, 13, 235
34452, -22, 14, 237
34482, -20, 12, 235
34501, -21, 14, 233
34520, -22, 13, 235
34539, -22, 14, 235
34557, -21, 13, 235
34577, -21, 12, 235
34595, -20, 14, 237
34615, -21, 14, 236
34649, -20, 14, 234
34668, -21, 13, 234
34686, -22, 13, 235
34706, -20, 14, 235
34724, -21, 15, 234
34744, -22, 13, 234
34762, -22, 13, 235
34782, -20, 13, 235
34800, -20, 13, 234
34820, -21, 12, 233
34838, -21, 14, 236
34862, -22, 13, 234
34881, -21, 14, 235
34900, -22, 14, 235
34920, -21, 14, 234
34938, -20, 14, 234
34958, -21, 12, 235
34977, -21, 13, 235
34997, -19, 14, 236
35016, -21, 13, 234
35036, -22, 16, 238
35055, -22, 14, 235
35075, -21, 14, 235
35094, -22, 14, 234
35113, -21, 14, 236
35211, -21, 13, 233
35230, -22, 14, 236
35250, -20, 12, 236
35269, -21, 14, 236
35289, -21, 13, 236
35308, -20, 15, 236
35328, -23, 12, 234
35347, -22, 13, 234
35366, -20, 14, 234
35386, -21, 13, 235
35409, -20, 15, 236
35429, -21, 12, 234
35448, -19, 14, 235
35468, -19, 14, 233
35487, -20, 12, 234
35507, -20, 14, 234
35526, -21, 14, 236
35546, -20, 13, 235
35565, -21, 13, 237
35585, -21, 14, 234
35604, -22, 15, 235
35623, -21, 13, 236
35643, -21, 13, 234
35673, -21, 13, 236
35707, -22, 12, 234
35727, -21, 13, 234
35746, -21, 13, 234
35766, -19, 16, 236
35785, -22, 14, 234
35805, -22, 14, 235
35824, -20, 12, 234
35844, -21, 14, 237
35863, -20, 13, 232
35883, -20, 13, 237
35902, -21, 13, 232
35930, -20, 12, 234
35951, -21, 13, 236
35973, -21, 13, 234
35994, -21, 14, 236
36016, -21, 13, 235
36064, -20, 16, 237
36085, -19, 13, 234
36107, -20, 13, 235
36128, -22, 14, 234
36150, -22, 14, 234
36172, -21, 11, 233
36194, -19, 14, 237
36215, -20, 15, 236
36251, -22, 14, 235
36273, -21, 13, 236
36295, -21, 13, 235
36317, -21, 11, 233
36338, -23, 14, 237
36360, -20, 13, 236
36381, -21, 13, 236
36403, -21, 15, 234
36424, -19, 15, 235
36446, -20, 14, 236
36467, -21, 14, 234
36493, -21, 13, 236
36514, -21, 14, 236
36536, -22, 14, 234
36557, -21, 14, 234
36579, -21, 13, 236
36600, -21, 12, 235
36622, -20, 12, 235
36643, -21, 14, 233
36665, -20, 14, 235
36686, -19, 13, 235
36708, -20, 14, 236
36729, -20, 13, 235
36751, -20, 12, 235
36772, -22, 13, 236
36808, -21, 13, 236
36830, -19, 14, 240
36851, -20, 13, 235
36873, -21, 14, 234
36904, -21, 12, 236
36926, -23, 13, 234
36947, -21, 11, 235
36998, -22, 14, 233
37019, -20, 12, 235
37041, -22, 14, 235
37066, -20, 13, 234
37088, -20, 15, 237
37109, -18, 12, 236
37131, -21, 16, 232
37152, -21, 13, 233
37174, -30, -37, 241
37195, -33, -50, 287
37217, -39, -68, 323
37238, -11, -35, 283
37260, 9, 43, 279
37281, 53, -6, 276
37303, 59, -7, 257
37324, 47, -31, 235
37346, 48, -21, 185
37383, -1, 52, 165
37404, -10, 12, 153
37426, -15, 14, 147
37447, -20, -104, 217
37469, -39, -37, 194
37490, -67, 48, 217
37512, -45, 66, 229
37533, -11, 33, 261
37555, 41, -70, 247
37576, 21, -27, 271
37598, -23, -96, 271
37623, -29, 56, 302
37645, 21, 9, 221
37666, 12, -5, 203
37688, -22, -55, 224
37709, 6, -97, 219
37731, 63, 18, 239
37752, 2, 44, 235
37774, -40, 18, 243
37795, 13, -8, 242
37817, -7, -32, 260
37838, -35, -71, 266
37888, -1, 7, 228
37909, -21, 16, 228
37931, -14, -4, 195
37967, -92, -17, 327
37989, 6, 75, 238
38010, -62, 85, 228
38032, -8, 99, 241
38053, -19, 24, 222
38075, -22, 13, 238
38096, -24, 16, 233
38118, -22, 14, 234
38139, -19, 15, 237
38161, -22, 16, 237
38187, -22, 15, 235
38218, -21, 13, 235
38240, -23, 15, 237
38261, -22, 14, 235
38283, -23, 14, 234
38304, -22, 13, 233
38326, -23, 15, 234
38347, -23, 14, 234
38369, -23, 13, 235
38390, -22, 13, 237
38412, -21, 15, 234
38433, -21, 15, 232
38455, -23, 15, 235
38476, -22, 13, 234
38513, -23, 15, 236
38535, -22, 13, 235
38556, -5, -154, 241
38578, -39, -132, 245
38599, -21, 39, 181
38621, -37, 107, 222
38642, -37, 59, 240
38664, -27, 86, 233
38685, -24, 46, 219
38707, -37, 6, 234
38728, -27, 3, 237
38754, -26, 22, 237
38802, -21, 10, 240
38823, -23, 14, 233
38845, -27, 12, 234
38866, -24, 17, 234
38888, -22, 15, 235
38909, -24, 14, 235
38931, -23, 13, 236
38952, -22, 15, 235
38974, -20, 15, 235
38995, -21, 13, 236
39016, -22, 15, 235
39037, -23, 14, 236
39059, -22, 14, 235
39097, -23, 15, 235
39118, -22, 14, 234
39140, -21, 16, 234
39161, -23, 15, 234
39183, -21, 16, 236
39204, -22, 15, 236
39226, -21, 15, 236
39247, -22, 14, 235
39269, -22, 14, 236
39290, -24, 14, 233
39316, -22, 15, 237
39337, -21, 14, 235
39359, -21, 15, 234
39380, -21, 15, 233
39402, -22, 14, 237
39424, -22, 15, 236
39445, -23, 15, 235
39467, -22, 14, 234
39498, -24, 14, 234
39520, -22, 15, 236
39541, -22, 14, 235
39563, -22, 13, 235
39584, -22, 15, 235
39606, -22, 15, 234
39643, -22, 13, 236
39664, -22, 15, 234
39686, -22, 14, 234
39734, -22, 15, 233
39755, -23, 15, 235
39777, -23, 15, 237
39798, -20, 15, 230
39820, -21, 16, 234
39841, -22, 13, 232
39863, -6, 18, 251
39888, -5, 6, 225
39910, -23, 16, 234
39931, -34, 83, 233
39953, -4, -40, 261
39974, -37, -141, 271
39996, -3, 27, 228
40017, -37, -8, 206
40039, -56, 41, 228
40059, -68, -25, 247
40081, -46, 31, 205
40102, -32, 55, 244
40124, -47, 27, 237
40145, -11, 19, 238
40167, -25, 31, 249
40188, -11, 1, 264
40263, 31, 29, 240
40285, -20, 25, 236
40306, -37, 39, 238
40328, -32, -1, 235
40349, -20, 18, 235
40371, -21, 18, 234
40392, -21, 14, 234
40414, -22, 14, 235
40434, -22, 15, 234
40456, -22, 15, 234
40481, -22, 15, 236
40503, -22, 11, 235
40524, -22, 15, 235
40546, -21, 15, 234
40567, -22, 13, 234
40589, -22, 14, 234
40610, -22, 13, 234
40659, -22, 14, 233
40681, -23, 13, 234
40702, -22, 14, 235
40724, -23, 14, 234
40745, -22, 13, 235
40766, -21, 14, 236
40787, -22, 14, 236
40824, -22, 13, 235
40873, -23, 14, 235
40895, -22, 13, 233
40916, -23, 14, 235
40938, -21, 12, 233
40960, -21, 14, 235
40981, -22, 14, 233
41003, -23, 14, 234
41024, -22, 14, 233
41046, -22, 14, 235
41071, -22, 13, 233
41093, -22, 14, 235
41114, -21, 13, 235
41136, -22, 15, 235
41157, -21, 14, 233
41179, -22, 13, 234
41200, -23, 14, 234
41221, -22, 14, 235
41243, -22, 13, 235
41265, -22, 14, 234
41286, -23, 13, 236
41308, -22, 14, 234
41328, -21, 14, 232
41350, -22, 14, 234
41371, -23, 14, 233
41408, -23, 14, 235
41430, -22, 15, 235
41451, -23, 14, 231
41473, -23, 14, 235
41494, -21, 12, 236
41516, -24, 14, 234
41537, -22, 14, 234
41559, -23, 14, 233
41607, -21, 14, 234
41628, -21, 14, 236
41654, -21, 15, 237
41675, -22, 13, 233
41697, -22, 14, 235
41718, -21, 14, 234
41740, -22, 14, 237
41761, -22, 13, 234
41783, -22, 15, 235
41804, -21, 15, 237
41826, -21, 13, 234
41847, -23, 13, 234
41869, -23, 15, 233
41890, -23, 13, 234
41912, -22, 15, 234
41932, -23, 14, 234
41970, -22, 14, 235
41992, -22, 13, 235
42013, -24, 14, 233
42035, -21, 14, 237
42056, -22, 13, 232
42078, -22, 13, 234
42099, -23, 14, 234
42121, -22, 14, 236
42152, -21, 14, 235
42174, -20, 14, 236
42200, -22, 15, 236
42221, -22, 13, 235
42243, -22, 13, 234
42264, -21, 13, 234
42285, -22, 14, 234
42306, -22, 13, 233
42328, -22, 15, 238
42349, -22, 14, 236
42371, -22, 13, 236
42392, -22, 13, 237
42414, -20, 14, 236
42435, -22, 15, 235
42457, -23, 15, 235
42505, -23, 14, 234
42542, -23, 12, 234
42563, -21, 12, 235
42585, -22, 16, 236
42606, -21, 15, 234
42628, -23, 15, 235
42649, -23, 13, 236
42671, -22, 15, 235
42692, -21, 15, 235
42714, -22, 14, 234
42735, -23, 14, 236
42760, -21, 14, 236
42781, -22, 15, 234
42802, -23, 14, 235
42823, -22, 14, 234
42844, -23, 14, 235
42865, -21, 14, 234
42887, -22, 14, 234
42907, -21, 14, 236
42929, -21, 15, 234
42949, -21, 14, 235
42971, -22, 14, 233
42992, -22, 14, 232
43013, -23, 14, 235
43034, -23, 14, 234
43055, -21, 13, 234
43091, -24, 13, 234
43112, -23, 14, 233
43133, -21, 16, 237
43155, -22, 13, 235
43175, -22, 14, 234
43197, -22, 13, 235
43217, -20, 13, 235
43239, -23, 14, 234
43259, -21, 15, 236
43281, -21, 14, 235
43305, -23, 14, 235
43327, -22, 14, 234
43348, -23, 14, 233
43398, -21, 14, 234
43418, -22, 15, 234
43450, -20, 12, 236
43471, -22, 13, 236
43492, -21, 15, 238
43513, -20, 15, 236
43535, -22, 15, 235
43555, -21, 15, 235
43577, -23, 14, 234
43597, -22, 14, 236
43619, -22, 14, 233
43655, -22, 12, 236
43676, -23, 13, 232
43698, -23, 13, 233
43718, -22, 16, 237
43740, -21, 15, 235
43761, -23, 12, 236
43782, -22, 15, 235
43803, -20, 13, 234
43824, -22, 14, 234
43845, -23, 15, 235
43871, -23, 15, 236
43892, -23, 13, 237
43914, -22, 14, 234
43935, -23, 14, 235
43957, -23, 15, 234
43978, -23, 13, 236
44000, -22, 14, 236
44021, -24, 15, 234
44043, -21, 14, 234
44064, -23, 14, 235
44086, -22, 14, 232
44107, -21, 15, 233
44129, -21, 14, 234
44150, -22, 14, 233
44172, -22, 13, 234
44209, -21, 13, 235
44230, -23, 14, 237
44252, -22, 15, 235
44302, -21, 14, 234
44323, -22, 13, 234
44345, -21, 14, 236
44366, -24, 14, 232
44388, -21, 13, 234
44409, -21, 15, 234
44432, -22, 13, 235
44457, -22, 11, 232
44479, -21, 15, 236
44500, -21, 14, 235
44522, -22, 15, 234
44544, -23, 13, 236
44565, -23, 14, 236
44587, -23, 14, 235
44608, -20, 13, 235
44630, -21, 15, 235
44651, -20, 13, 234
44673, -21, 14, 234
44694, -21, 13, 233
44726, -21, 16, 235
44747, -22, 14, 236
44821, -22, 14, 235
44843, -23, 15, 235
44864, -21, 14, 235
44886, -23, 13, 236
44907, -22, 13, 236
44929, -21, 13, 235
44950, -21, 14, 234
44972, -22, 14, 236
44993, -22, 13, 234
45015, -23, 15, 235
45040, -21, 14, 235
45062, -22, 12, 232
45083, -23, 14, 233
45105, -22, 15, 237
45126, -21, 15, 236
45148, -21, 15, 235
45169, -22, 14, 234
45218, -23, 13, 235
45240, -24, 14, 236
45261, -22, 14, 234
45283, -21, 12, 234
45304, -22, 12, 234
45326, -23, 14, 233
45347, -22, 13, 234
45369, -21, 13, 233
45406, -22, 14, 235
45427, -23, 13, 235
45449, -23, 14, 234
45470, -21, 13, 235
45492, -22, 14, 234
45513, -23, 14, 233
45535, -23, 13, 233
45556, -22, 14, 234
45578, -21, 15, 235
45603, -22, 14, 234
45625, -22, 14, 235
45646, -21, 15, 237
45668, -21, 15, 237
45689, -22, 15, 234
45711, -22, 14, 234
45732, -23, 14, 234
45754, -23, 14, 235
45775, -22, 15, 235
45797, -21, 13, 234
45818, -22, 13, 234
45840, -23, 13, 233
45861, -24, 14, 234
45883, -22, 13, 233
45904, -21, 15, 235
45926, -22, 15, 236
45963, -21, 14, 235
45984, -20, 14, 235
46006, -22, 14, 237
46027, -23, 15, 236
46059, -21, 14, 234
46081, -22, 14, 234
46131, -22, 14, 234
46152, -22, 14, 234
46174, -21, 14, 234
46199, -22, 14, 234
46221, -23, 13, 235
46242, -23, 14, 234
46264, -20, 15, 235
46285, -22, 15, 236
46307, -22, 13, 233
46328, -21, 13, 234
46350, -22, 15, 234
46371, -21, 14, 234
46393, -21, 13, 233
46414, -21, 14, 235
46436, -22, 14, 236
46457, -23, 14, 234
46480, -21, 15, 235
46501, -22, 13, 235
46537, -23, 14, 234
46559, -23, 14, 233
46580, -22, 12, 232
46602, -21, 14, 233
46623, -22, 14, 234
46645, -22, 14, 233
46667, -22, 13, 235
46689, -24, 13, 235
46710, -23, 14, 234
46736, -21, 14, 235
46757, -20, 14, 237
46779, -22, 13, 233
46800, -21, 14, 233
46822, -23, 14, 238
46843, -20, 14, 238
46865, -23, 14, 235
46886, -23, 14, 234
46908, -22, 14, 236
46929, -22, 14, 235
46951, -22, 14, 236
47000, -22, 14, 234
47022, -21, 15, 234
47043, -21, 15, 234
47065, -21, 12, 234
47101, -22, 14, 234
47123, -23, 14, 235
47144, -22, 13, 234
47166, -22, 14, 235
47187, -23, 13, 233
47209, -22, 15, 237
47230, -20, 14, 236
47252, -22, 14, 234
47273, -22, 14, 233
47295, -21, 14, 236
47314, -23, 13, 234
47336, -22, 14, 234
47368, -23, 13, 234
47389, -22, 15, 237
47411, -23, 12, 235
47432, -24, 12, 234
47454, -23, 15, 236
47475, -22, 13, 234
47497, -22, 15, 237
47518, -22, 16, 235
47539, -20, 13, 236
47560, -22, 14, 234
47582, -23, 13, 235
47603, -23, 14, 234
47625, -23, 14, 235
47662, -23, 13, 234
47683, -22, 13, 235
47705, -23, 14, 236
47726, -22, 14, 235
47748, -22, 14, 235
47769, -23, 14, 234
47791, -21, 16, 236
47812, -21, 14, 234
47834, -22, 13, 232
47859, -21, 13, 235
47909, -21, 13, 234
47930, -24, 14, 235
47951, -21, 14, 234
47973, -22, 15, 235
47994, -20, 13, 234
48016, -22, 15, 233
48037, -23, 13, 233
48059, -22, 14, 235
48080, -22, 14, 235
48102, -22, 14, 238
48123, -22, 16, 235
48145, -22, 14, 235
48166, -21, 14, 236
48188, -20, 15, 236
48209, -22, 15, 235
48246, -23, 14, 235
48268, -23, 15, 236
48289, -22, 16, 236
48311, -22, 15, 234
48332, -22, 13, 236
48354, -21, 13, 234
48375, -22, 13, 234
48397, -23, 14, 235
48422, -22, 13, 234
48444, -20, 13, 235
48465, -21, 15, 236
48487, -23, 14, 237
48508, -22, 15, 235
48530, -21, 15, 233
48551, -23, 14, 235
48573, -23, 14, 235
48594, -23, 13, 235
48616, -23, 15, 233
48648, -21, 14, 234
48669, -23, 13, 236
48691, -23, 14, 236
48712, -22, 14, 233
48734, -21, 15, 233
48755, -23, 15, 234
48821, -22, 14, 235
48842, -22, 15, 237
48864, -22, 14, 234
48885, -22, 14, 235
48907, -22, 13, 234
48928, -22, 14, 236
48950, -22, 15, 235
48971, -22, 14, 235
48993, -23, 13, 235
49018, -22, 14, 235
49040, -23, 15, 235
49061, -23, 14, 233
49083, -23, 13, 234
49104, -22, 14, 235
49126, -22, 13, 234
49146, -23, 13, 235
49168, -22, 15, 236
49189, -22, 13, 235
49211, -21, 14, 236
49232, -22, 14, 239
49254, -21, 14, 236
49275, -23, 15, 235
49297, -21, 15, 235
49318, -22, 16, 236
49340, -23, 14, 236
49377, -22, 13, 236
49398, -22, 15, 236
49420, -21, 14, 233
49441, -24, 14, 234
49463, -21, 15, 236
49484, -23, 16, 235
49506, -23, 14, 233
49527, -22, 15, 234
49553, -22, 15, 235
49574, -21, 14, 235
49596, -22, 13, 236
49617, -21, 14, 233
49639, -22, 14, 234
49688, -21, 15, 233
49710, -23, 13, 234
49731, -22, 14, 235
49753, -21, 13, 234
49774, -21, 15, 235
49796, -22, 13, 235
49817, -20, 14, 235
49839, -21, 13, 234
49860, -22, 13, 236
49881, -22, 14, 236
49902, -22, 15, 235
49974, -23, 14, 235
50006, -21, 12, 234
50027, -22, 14, 232
50049, -22, 15, 233
50070, -22, 14, 235
50092, -21, 14, 234
50113, -23, 14, 236
50135, -21, 14, 234
50160, -22, 13, 236
50182, -20, 15, 237
50203, -21, 14, 233
50225, -22, 14, 235
50246, -21, 14, 235
50268, -23, 14, 233
50289, -23, 13, 235
50311, -22, 14, 236
50332, -22, 16, 237
50354, -22, 15, 234
50375, -23, 14, 234
50396, -22, 14, 232
50417, -23, 14, 235
50439, -22, 14, 236
50460, -22, 15, 236
50482, -21, 12, 234
50503, -22, 12, 233
50540, -23, 13, 236
50562, -22, 12, 234
50583, -21, 15, 236
50632, -22, 13, 234
50654, -22, 13, 233
50675, -22, 15, 236
50697, -21, 13, 234
50718, -22, 13, 234
50744, -22, 15, 236
50765, -23, 14, 237
50787, -22, 15, 235
50808, -21, 15, 237
50830, -22, 13, 233
50851, -23, 15, 234
50873, -23, 13, 236
50894, -24, 14, 233
50916, -21, 15, 234
50937, -22, 14, 235
50959, -23, 13, 237
50980, -22, 13, 234
51002, -22, 13, 235
51023, -23, 14, 234
51045, -24, 15, 236
51066, -20, 13, 235
51103, -22, 14, 234
51125, -21, 14, 234
51146, -23, 15, 236
51168, -22, 13, 234
51189, -22, 14, 233
51211, -23, 15, 236
51232, -22, 14, 235
51254, -22, 14, 235
51290, -22, 14, 235
51311, -24, 15, 232
51333, -21, 14, 235
51354, -21, 15, 234
51376, -23, 15, 236
51397, -21, 14, 236
51419, -22, 13, 233
51440, -21, 16, 234
51462, -22, 14, 238
51511, -22, 13, 235
51532, -22, 15, 234
51554, -22, 14, 234
51575, -23, 17, 237
51597, -22, 16, 237
51618, -22, 14, 235
51640, -23, 14, 233
51676, -22, 13, 233
51697, -21, 14, 235
51719, -22, 14, 234
51740, -22, 14, 236
51762, -22, 15, 235
51783, -21, 14, 234
51805, -21, 14, 236
51826, -21, 13, 235
51848, -23, 16, 234
51872, -23, 15, 235
51894, -20, 15, 236
51914, -22, 14, 234
51936, -22, 15, 237
51957, -23, 16, 237
51978, -22, 13, 234
51999, -22, 13, 233
52020, -22, 16, 236
52041, -22, 13, 236
52062, -22, 14, 233
52083, -21, 15, 236
52105, -23, 15, 234
52125, -22, 15, 236
52147, -22, 14, 237
52167, -23, 14, 234
52189, -21, 14, 234
52225, -21, 14, 234
52246, -22, 15, 237
52268, -22, 13, 233
52288, -23, 14, 234
52310, -21, 14, 236
52330, -23, 14, 232
52352, -23, 14, 233
52402, -23, 15, 234
52426, -22, 15, 235
52447, -21, 13, 235
52468, -21, 13, 235
52490, -22, 14, 233
52510, -22, 15, 236
52532, -21, 14, 236
52552, -22, 14, 234
52584, -22, 15, 235
52605, -21, 14, 235
52627, -21, 15, 235
52647, -22, 13, 235
52669, -22, 15, 234
52689, -21, 15, 236
52711, -21, 14, 234
52732, -22, 14, 235
52753, -22, 13, 234
52790, -23, 15, 233
52810, -22, 13, 234
52832, -21, 14, 235
52853, -21, 14, 235
52874, -23, 15, 236
52895, -21, 14, 235
52916, -22, 14, 235
52937, -22, 13, 233
52962, -23, 14, 235
52984, -19, 14, 237
53006, -21, 14, 238
53027, -23, 13, 234
53049, -20, 15, 236
53070, -22, 14, 233
53092, -21, 15, 233
53113, -22, 13, 235
53135, -22, 14, 235
53156, -20, 14, 236
53178, -22, 15, 234
53199, -22, 15, 236
53221, -22, 15, 236
53272, -22, 15, 235
53294, -22, 15, 236
53315, -22, 16, 237
53337, -22, 15, 237
53373, -22, 14, 235
53395, -22, 14, 234
53416, -23, 14, 234
53438, -23, 13, 233
53459, -22, 11, 233
53481, -21, 15, 236
53502, -23, 14, 235
53524, -23, 12, 232
53550, -23, 14, 234
53571, -22, 14, 233
53593, -20, 13, 237
53614, -22, 16, 236
53636, -22, 14, 233
53657, -23, 13, 234
53679, -23, 13, 235
53700, -24, 15, 235
53722, -23, 13, 234
53743, -22, 13, 234
53765, -22, 15, 233
53786, -22, 12, 233
53808, -22, 14, 236
53829, -23, 14, 235
53861, -21, 12, 233
53883, -23, 14, 233
53919, -22, 14, 236
53942, -22, 13, 234
53963, -22, 14, 234
53985, -23, 14, 234
54006, -22, 14, 235
54028, -22, 14, 233
54049, -22, 14, 234
54071, -22, 13, 234
54096, -23, 14, 233
54147, -22, 15, 234
54168, -21, 15, 236
54190, -23, 14, 234
54211, -22, 14, 235
54233, -22, 14, 235
54254, -21, 14, 235
54276, -22, 14, 235
54297, -22, 16, 235
54319, -21, 15, 236
54340, -22, 16, 237
54362, -21, 14, 235
54383, -22, 14, 235
54405, -24, 14, 234
54426, -22, 14, 234
54448, -22, 13, 234
54469, -22, 14, 233
54506, -25, 21, 232
54528, -35, 219, 236
54549, -24, -56, 280
54571, -30, 60, 188
54592, -34, 29, 266
54614, -15, 6, 253
54635, -29, 11, 237
54661, -26, 77, 189
54682, -19, 23, 197
54704, -36, -101, 271
54725, -32, -26, 210
54747, -32, 24, 291
54768, -33, 4, 236
54790, -34, 36, 209
54811, -18, -5, 203
54833, -32, -80, 250
54854, -25, -88, 235
54876, -19, 49, 227
54897, -21, 33, 233
54919, -5, -1, 236
54940, -9, 2, 231
54962, -18, -13, 239
55052, -23, 84, 228
55073, -15, -4, 223
55110, -20, -51, 221
55132, -23, -9, 244
55153, -21, 16, 231
55175, -21, 13, 239
55196, -21, 16, 238
55244, -21, 13, 235
55266, -23, 13, 238
55287, -21, 16, 236
55313, -20, 16, 235
55334, -21, 15, 236
55356, -20, 12, 236
55377, -22, 16, 237
55399, -20, 15, 235
55420, -21, 14, 235
55442, -24, 14, 234
55463, -20, 14, 235
55485, -22, 14, 235
55506, -20, 13, 233
55528, -22, 14, 234
55549, -23, 16, 235
55571, -21, 14, 235
55592, -22, 14, 236
55614, -20, 15, 234
55635, -21, 16, 234
55657, -21, 14, 234
55694, -20, 14, 236
55715, -20, 13, 237
55737, -20, 14, 236
55758, -21, 16, 234
55780, -21, 14, 234
55801, -21, 14, 235
55823, -22, 13, 238
55848, -21, 14, 235
55870, -21, 15, 235
55891, -20, 15, 234
55942, -20, 11, 236
55963, -22, 16, 237
55985, -21, 15, 236
56006, -21, 15, 236
56028, -21, 14, 234
56049, -20, 14, 237
56071, -22, 14, 237
56092, -22, 16, 234
56114, -21, 16, 235
56135, -21, 15, 236
56157, -21, 15, 236
56178, -20, 16, 237
56200, -20, 15, 237
56221, -21, 15, 234
56259, -21, 15, 235
56281, -21, 15, 236
56302, -21, 14, 234
56324, -20, 14, 235
56345, -21, 15, 235
56367, -20, 15, 236
56388, -20, 13, 236
56414, -21, 14, 233
56435, -20, 16, 237
56458, -21, 14, 235
56479, -22, 13, 231
56501, -21, 14, 235
56532, -21, 14, 232
56554, -21, 15, 235
56576, -23, 15, 234
56598, -20, 15, 236
56620, -21, 13, 234
56641, -21, 15, 236
56663, -19, 16, 238
56684, -21, 14, 236
56706, -21, 15, 235
56727, -21, 14, 235
56749, -20, 14, 235
56770, -20, 14, 234
56837, -22, 16, 236
56858, -21, 15, 237
56880, -20, 14, 235
56901, -21, 14, 235
56923, -20, 13, 235
56944, -22, 14, 234
56966, -22, 14, 236
56987, -22, 14, 234
57013, -21, 15, 234
57034, -21, 16, 235
57056, -21, 14, 235
57077, -22, 14, 235
57099, -20, 13, 234
57120, -21, 13, 236
57141, -21, 15, 235
57163, -23, 15, 234
57184, -21, 15, 236
57205, -21, 13, 233
57227, -21, 15, 233
57248, -22, 14, 235
57270, -21, 14, 235
57291, -20, 16, 236
57313, -19, 15, 234
57334, -21, 14, 234
57356, -21, 15, 235
57393, -20, 14, 236
57414, -18, 15, 236
57436, -21, 13, 234
57457, -21, 17, 235
57479, -20, 13, 235
57500, -22, 13, 235
57522, -20, 15, 235
57547, -22, 13, 236
57569, -21, 14, 233
57590, -21, 14, 234
57612, -22, 14, 234
57633, -22, 15, 235
57684, -22, 15, 236
57706, -21, 14, 233
57726, -22, 15, 234
57748, -21, 14, 234
57769, -23, 13, 237
57791, -21, 15, 233
57812, -21, 15, 236
57845, -20, 15, 235
57867, -22, 15, 234
57888, -21, 13, 237
57909, -20, 13, 235
57930, -22, 15, 235
57967, -21, 14, 236
57989, -22, 14, 233
58010, -20, 15, 234
58032, -20, 15, 234
58053, -20, 13, 235
58075, -21, 13, 237
58096, -21, 12, 237
58118, -20, 14, 235
58143, -18, 14, 234
58165, -14, -45, 250
58186, -21, -173, 255
58208, -42, -59, 194
58229, -19, 64, 216
58251, -21, 20, 223
58272, -20, 4, 243
58293, -32, -3, 244
58314, -39, -74, 220
58336, -40, 2, 203
58357, -35, -9, 200
58379, -43, 29, 230
58400, -55, 63, 253
58422, -4, 49, 204
58443, -18, 50, 244
58465, -27, 43, 203
58486, -34, 57, 235
58523, -21, 71, 256
58574, -16, -2, 240
58596, -21, 13, 234
58617, -22, 14, 232
58639, -22, 11, 235
58660, -22, 13, 235
58682, -21, 15, 235
58707, -20, 14, 233
58730, -21, 12, 235
58752, -21, 13, 236
58773, -20, 14, 236
58795, -22, 14, 233
58816, -20, 14, 234
58838, -21, 15, 236
58859, -21, 15, 234
58881, -21, 15, 237
58902, -20, 15, 237
58924, -21, 15, 236
58945, -21, 14, 236
58967, -23, 15, 233
58988, -24, 14, 234
59009, -20, 15, 235
59030, -22, 13, 235
59052, -22, 14, 233
59073, -23, 13, 236
59110, -21, 13, 233
59142, -22, 12, 234
59163, -20, 14, 234
59185, -20, 14, 233
59206, -21, 14, 235
59228, -21, 14, 235
59254, -23, 14, 236
59275, -21, 14, 237
59296, -22, 14, 235
59318, -22, 14, 237
59339, -21, 15, 235
59361, -21, 13, 237
59382, -20, 15, 233
59475, -20, 13, 235
59497, -22, 13, 234
59518, -20, 15, 236
59540, -20, 15, 236
59561, -21, 14, 235
59583, -20, 14, 235
59604, -20, 13, 235
59626, -21, 14, 235
59648, -22, 13, 234
59669, -21, 14, 234
59689, -21, 15, 236
59726, -20, 14, 237
59748, -23, 15, 234
59769, -21, 14, 234
59791, -21, 13, 233
59812, -21, 14, 235
59834, -22, 13, 237
59855, -22, 13, 234
59881, -21, 13, 235
59902, -21, 15, 237
59924, -22, 14, 234
59945, -21, 14, 237
59967, -22, 14, 235
59987, -20, 14, 234
60009, -21, 14, 234
60030, -19, 14, 236
60052, -22, 13, 234
60073, -21, 14, 234
60095, -21, 15, 236
60116, -22, 14, 233
60138, -20, 14, 238
60160, -20, 13, 233
60181, -22, 15, 234
60203, -22, 15, 234
60224, -21, 13, 234
60246, -22, 13, 235
60281, -22, 13, 234
60303, -21, 15, 236
60354, -21, 13, 234
60376, -21, 15, 236
60397, -22, 14, 235
60418, -21, 14, 235
60443, -22, 15, 235
60465, -21, 14, 235
60496, -23, 13, 235
60518, -21, 12, 233
60539, -21, 14, 235
60561, -22, 14, 236
60582, -22, 14, 237
60604, -22, 14, 235
60625, -20, 14, 236
60647, -22, 14, 235
60668, -22, 13, 237
60690, -22, 16, 235
60711, -21, 14, 234
60733, -22, 14, 236
60754, -22, 13, 236
60775, -22, 14, 235
60796, -21, 16, 236
60818, -21, 14, 234
60856, -21, 15, 235
60877, -22, 15, 234
60899, -22, 14, 234
60920, -22, 14, 235
60942, -20, 13, 234
60963, -21, 12, 236
60989, -21, 14, 235
61009, -21, 14, 236
61031, -21, 13, 234
61052, -23, 15, 235
61074, -22, 13, 233
61094, -22, 15, 235
61116, -20, 13, 234
61137, -21, 14, 235
61158, -22, 14, 235
61209, -21, 14, 235
61230, -21, 14, 234
61251, -22, 15, 235
61273, -21, 14, 234
61293, -20, 15, 235
61315, -21, 14, 236
61336, -21, 14, 234
61357, -21, 15, 236
61378, -21, 15, 235
61415, -23, 13, 235
61435, -21, 14, 237
61457, -21, 15, 233
61478, -23, 14, 235
61499, -22, 15, 235
61520, -20, 13, 235
61541, -22, 13, 236
61566, -20, 13, 234
61587, -22, 13, 234
61608, -20, 15, 236
61629, -21, 15, 236
61650, -21, 13, 234
61672, -22, 14, 235
61692, -22, 14, 235
61714, -21, 13, 233
61734, -21, 13, 233
61766, -22, 15, 233
61788, -21, 15, 234
61808, -21, 13, 235
61830, -22, 14, 236
61851, -20, 15, 236
61872, -21, 13, 236
61893, -23, 14, 233
61914, -22, 15, 234
61935, -24, 14, 235
61972, -19, 29, 238
61992, -23, 51, 229
62014, -18, 25, 220
62034, -18, 34, 220
62087, -17, 31, 232
62107, -27, 18, 266
62133, -23, 33, 222
62154, -30, 45, 217
62176, -17, 10, 220
62197, -17, -12, 228
62219, -26, -12, 242
62240, -29, 22, 218
62262, -19, -6, 226
62283, -19, -25, 230
62305, -26, -28, 235
62326, -20, 14, 236
62348, -21, 16, 234
62369, -21, 14, 234
62391, -20, 13, 233
62412, -21, 11, 233
62434, -23, 16, 236
62455, -23, 13, 237
62477, -24, 16, 237
62498, -23, 15, 233
62535, -21, 14, 233
62557, -23, 14, 234
62578, -22, 14, 237
62600, -23, 14, 235
62621, -21, 14, 234
62643, -22, 14, 234
62668, -20, 13, 235
62690, -21, 15, 235
62711, -21, 15, 236
62733, -22, 15, 234
62754, -21, 13, 234
62776, -20, 13, 235
62797, -22, 13, 234
62819, -20, 14, 237
62840, -20, 16, 237
62862, -20, 17, 239
62915, -21, 14, 234
62937, -20, 15, 236
62958, -22, 15, 235
62980, -22, 14, 236
63001, -22, 14, 235
63023, -22, 14, 234
63045, -22, 14, 235
63077, -21, 13, 237
63114, -20, 13, 236
63135, -20, 17, 235
63157, -23, 15, 236
63178, -21, 14, 235
63200, -21, 15, 235
63221, -21, 14, 235
63243, -22, 14, 234
63268, -21, 15, 237
63290, -21, 15, 236
63311, -22, 15, 234
63333, -22, 15, 237
63354, -21, 13, 235
63376, -21, 15, 234
63397, -23, 15, 233
63420, -21, 15, 235
63441, -21, 14, 237
63463, -22, 15, 236
63484, -23, 13, 235
63506, -21, 15, 236
63527, -21, 13, 236
63549, -22, 16, 237
63570, -20, 16, 235
63592, -22, 14, 234
63613, -21, 13, 235
63635, -22, 13, 234
63672, -22, 13, 234
63693, -21, 15, 235
63715, -21, 14, 235
63736, -20, 16, 235
63788, -22, 14, 236
63809, -21, 14, 235
63835, -22, 14, 234
63856, -23, 15, 238
63878, -22, 16, 235
63899, -21, 15, 236
63921, -21, 14, 235
63942, -22, 15, 236
63964, -22, 15, 236
63986, -22, 15, 236
64008, -21, 15, 235
64029, -20, 13, 234
64051, -20, 13, 233
64072, -21, 13, 235
64094, -22, 15, 237
64115, -21, 15, 236
64137, -21, 16, 237
64157, -22, 13, 237
64179, -21, 15, 234
64200, -20, 15, 236
64222, -20, 13, 234
64294, -21, 14, 236
64316, -19, 14, 237
64337, -20, 15, 234
64359, -22, 15, 235
64380, -22, 14, 234
64416, -21, 13, 235
64438, -21, 16, 236
64459, -21, 14, 236
64481, -20, 16, 237
64502, -21, 16, 237
64524, -20, 15, 235
64545, -21, 13, 234
64567, -22, 14, 235
64588, -22, 13, 235
64610, -21, 13, 235
64661, -22, 15, 235
64683, -21, 13, 236
64704, -21, 13, 235
64726, -21, 13, 234
64747, -21, 16, 236
64769, -20, 16, 235
64790, -21, 14, 236
64812, -20, 12, 235
64833, -21, 13, 233
64870, -23, 15, 237
64891, -20, 15, 237
64913, -19, 15, 237
64934, -20, 14, 235
64956, -21, 14, 233
64977, -21, 14, 235
65003, -21, 13, 235
65025, -22, 14, 234
65046, -21, 14, 236
65068, -21, 13, 234
65089, -22, 15, 235
65111, -21, 14, 235
65132, -23, 15, 233
65154, -21, 14, 235
65175, -22, 12, 235
65197, -22, 14, 234
65218, -23, 13, 235
65240, -22, 16, 236
65261, -20, 15, 236
65283, -22, 14, 234
65304, -22, 14, 235
65326, -20, 12, 235
65347, -21, 13, 234
65369, -21, 13, 233
65390, -22, 15, 235
65427, -21, 15, 235
65448, -22, 16, 235
65471, -21, 15, 236
65522, -21, 16, 237
65544, -20, 14, 235
65570, -21, 16, 238
65592, -22, 14, 236
65613, -21, 14, 235
65635, -21, 14, 236
65656, -22, 13, 235
65678, -21, 13, 234
65699, -21, 15, 235
65731, -22, 14, 235
65754, -22, 15, 235
65775, -19, 15, 237
65797, -19, 15, 237
65818, -20, 15, 237
65840, -21, 14, 238
65861, -21, 14, 233
65883, -21, 13, 232
65904, -22, 15, 235
65926, -21, 13, 235
65947, -21, 14, 234
65969, -21, 13, 235
66004, -19, 14, 234
66026, -21, 14, 233
66048, -21, 14, 236
66069, -20, 14, 235
66091, -21, 14, 234
66112, -22, 15, 234
66138, -21, 13, 233
66159, -21, 14, 234
66181, -22, 15, 234
66202, -22, 15, 235
66224, -21, 13, 234
66245, -21, 13, 235
66267, -22, 16, 236
66288, -22, 15, 236
66310, -21, 14, 237
66361, -22, 15, 235
66382, -21, 14, 234
66404, -21, 15, 235
66425, -21, 14, 235
66447, -22, 15, 238
66468, -21, 15, 236
66490, -21, 15, 236
66511, -21, 14, 235
66533, -22, 13, 235
66570, -19, 14, 236
66591, -22, 12, 233
66613, -20, 14, 234
66634, -22, 13, 234
66656, -22, 13, 234
66677, -22, 13, 235
66703, -21, 15, 234
66724, -21, 13, 236
66746, -22, 14, 236
66767, -21, 13, 234
66789, -22, 13, 234
66810, -21, 15, 236
66832, -21, 14, 234
66852, -21, 17, 236
66874, -20, 15, 236
66895, -20, 14, 233
66917, -22, 14, 235
66938, -21, 15, 234
66960, -22, 14, 235
66981, -22, 14, 235
67013, -21, 14, 235
67035, -22, 14, 235
67056, -21, 14, 234
67078, -21, 14, 235
67099, -22, 15, 234
67136, -19, 15, 235
67158, -22, 15, 234
67179, -21, 15, 234
67232, -23, 14, 237
67254, -23, 14, 236
67279, -21, 14, 234
67301, -20, 15, 234
67322, -21, 14, 235
67344, -22, 15, 235
67365, -22, 13, 235
67387, -22, 12, 234
67408, -21, 12, 235
67430, -24, 15, 235
67451, -22, 15, 234
67473, -21, 13, 233
67494, -21, 14, 235
67516, -21, 15, 236
67537, -22, 14, 236
67559, -21, 14, 235
67580, -21, 13, 236
67602, -21, 13, 235
67623, -22, 14, 235
67645, -21, 13, 236
67666, -20, 13, 236
67703, -21, 14, 233
67725, -22, 13, 233
67746, -22, 14, 233
67768, -22, 14, 238
67789, -24, 15, 235
67811, -22, 16, 236
67836, -22, 13, 234
67858, -24, 14, 234
67879, -22, 13, 236
67901, -22, 13, 236
67922, -23, 14, 235
67944, -23, 15, 237
67965, -22, 14, 234
67987, -20, 13, 234
68008, -22, 13, 235
68060, -21, 15, 237
68081, -21, 13, 232
68103, -21, 14, 235
68124, -22, 13, 234
68146, -22, 14, 236
68167, -21, 15, 235
68189, -20, 14, 236
68210, -21, 15, 233
68232, -22, 14, 234
68253, -21, 14, 236
68289, -21, 15, 234
68311, -22, 14, 236
68343, -21, 14, 236
68364, -23, 13, 236
68385, -20, 15, 237
68411, -20, 14, 236
68432, -22, 13, 235
68454, -23, 15, 236
68475, -20, 13, 233
68497, -21, 14, 234
68518, -22, 14, 237
68540, -21, 15, 236
68561, -20, 14, 234
68583, -22, 13, 235
68604, -21, 14, 235
68626, -22, 15, 236
68647, -21, 15, 236
68668, -22, 14, 236
68689, -21, 13, 235
68711, -22, 13, 235
68732, -19, 15, 235
68754, -22, 14, 237
68775, -20, 14, 237
68797, -22, 13, 233
68834, -21, 14, 236
68855, -21, 15, 234
68877, -21, 14, 236
68966, -21, 14, 233
68987, -22, 14, 234
69009, -23, 13, 234
69028, -21, 15, 235
69050, -22, 14, 234
69071, -23, 15, 233
69092, -21, 14, 234
69113, -21, 15, 235
69135, -21, 16, 237
69156, -23, 12, 234
69178, -22, 15, 236
69199, -22, 14, 235
69221, -21, 14, 235
69242, -20, 16, 236
69264, -21, 14, 233
69285, -20, 14, 235
69307, -21, 14, 236
69328, -22, 15, 235
69350, -21, 14, 235
69371, -20, 13, 236
69392, -20, 15, 234
69413, -21, 14, 235
69468, -24, 13, 236
69489, -18, 15, 234
69511, -21, 15, 235
69532, -22, 15, 234
69554, -22, 14, 235
69579, -20, 13, 234
69601, -21, 14, 235
69622, -22, 15, 234
69644, -20, 15, 237
69676, -22, 14, 235
69697, -22, 15, 233
69719, -21, 14, 233
69740, -22, 15, 233
69762, -21, 14, 235
69783, -23, 13, 234
69835, -21, 14, 234
69857, -22, 14, 234
69878, -22, 13, 235
69900, -21, 15, 237
69921, -20, 15, 237
69942, -19, 12, 235
69963, -21, 14, 235
69985, -21, 14, 232
70006, -21, 14, 237
70043, -21, 12, 235
70065, -19, 15, 235
70086, -21, 14, 234
70108, -22, 15, 235
70129, -22, 14, 235
70154, -21, 15, 234
70175, -21, 14, 236
70197, -21, 14, 236
70217, -20, 14, 234
70239, -21, 14, 236
70259, -21, 14, 234
70281, -21, 15, 236
70302, -20, 14, 234
70323, -22, 14, 235
70344, -23, 13, 235
70365, -22, 15, 235
70386, -22, 13, 234
70408, -20, 15, 235
70428, -22, 13, 237
70450, -21, 15, 235
70470, -21, 12, 233
70492, -22, 16, 236
70513, -22, 13, 234
70534, -21, 15, 234
70555, -21, 14, 235
70591, -21, 15, 235
70612, -23, 14, 236
70633, -19, 14, 235
70685, -21, 14, 235
70707, -22, 15, 235
70731, -22, 13, 236
70753, -21, 15, 235
70773, -22, 14, 235
70795, -21, 14, 236
70815, -21, 13, 234
70837, -20, 12, 237
70858, -22, 14, 233
70879, -22, 14, 235
70900, -23, 14, 235
70922, -20, 12, 233
70942, -21, 15, 234
70974, -22, 15, 234
70994, -22, 14, 233
71016, -20, 15, 237
71037, -21, 14, 234
71058, -20, 14, 234
71079, -21, 14, 236
71100, -22, 15, 235
71121, -22, 15, 235
71158, -21, 14, 235
71179, -21, 15, 237
71200, -20, 16, 234
71222, -22, 13, 234
71242, -22, 16, 236
71268, -22, 14, 235
71289, -22, 14, 234
71311, -23, 13, 232
71332, -22, 14, 235
71354, -21, 15, 237
71375, -20, 16, 238
71397, -20, 15, 235
71418, -20, 14, 235
71440, -22, 13, 235
71461, -23, 15, 233
71568, -22, 13, 232
71589, -21, 15, 236
71611, -21, 14, 239
71633, -21, 15, 236
71655, -20, 15, 235
71676, -20, 14, 234
71698, -20, 14, 237
71719, -21, 14, 235
71741, -21, 14, 234
71762, -21, 15, 234
71798, -22, 14, 235
71820, -21, 16, 237
71842, -21, 13, 233
71864, -20, 14, 236
71889, -20, 14, 234
71911, -20, 13, 234
71932, -22, 14, 234
71954, -20, 14, 237
71975, -21, 13, 237
71997, -22, 15, 236
72018, -22, 14, 234
72040, -22, 15, 235
72061, -22, 13, 234
72083, -22, 14, 237
72104, -21, 13, 234
72126, -22, 13, 234
72147, -21, 15, 234
72169, -23, 14, 234
72190, -21, 14, 235
72212, -20, 15, 235
72233, -21, 14, 233
72255, -21, 14, 234
72276, -23, 15, 234
72308, -21, 13, 233
72345, -22, 15, 234
72367, -21, 14, 236
72388, -22, 14, 235
72410, -21, 14, 234
72431, -21, 13, 234
72467, -21, 15, 234
72488, -21, 14, 234
72510, -22, 15, 235
72531, -20, 14, 235
72553, -21, 14, 233
72574, -20, 14, 234
72596, -21, 15, 234
72617, -21, 14, 234
72639, -21, 13, 233
72660, -20, 13, 233
72682, -21, 11, 236
72704, -21, 13, 234
72725, -21, 14, 238
72747, -21, 15, 237
72768, -21, 14, 236
72790, -22, 13, 234
72811, -22, 14, 234
72833, -21, 13, 235
72862, -21, 13, 236
72899, -21, 13, 238
72921, -22, 14, 232
72942, -21, 16, 233
72965, -22, 13, 234
72986, -21, 14, 235
73012, -20, 15, 234
73033, -22, 15, 235
73055, -19, 13, 233
73076, -21, 14, 235
73098, -20, 14, 234
73119, -21, 14, 236
73141, -22, 14, 236
73162, -22, 14, 235
73184, -22, 13, 235
73205, -22, 13, 234
73227, -21, 15, 234
73248, -21, 12, 235
73270, -23, 14, 233
73291, -20, 14, 233
73313, -20, 14, 236
73334, -22, 16, 234
73356, -21, 14, 235
73377, -23, 15, 234
73399, -22, 15, 234
73420, -22, 12, 234
73458, -22, 14, 231
73480, -22, 14, 234
73501, -21, 16, 236
73523, -21, 14, 235
73554, -21, 14, 235
73616, -21, 14, 233
73637, -21, 14, 235
73659, -22, 14, 234
73680, -20, 13, 233
73703, -20, 14, 235
73724, -22, 14, 234
73746, -21, 14, 234
73767, -20, 14, 235
73789, -21, 15, 236
73810, -21, 15, 237
73832, -20, 16, 236
73853, -21, 15, 236
73875, -22, 15, 237
73896, -20, 14, 235
73918, -23, 15, 233
73939, -21, 15, 234
73961, -21, 15, 234
73982, -21, 14, 233
74004, -21, 13, 234
74041, -22, 14, 236
74062, -20, 14, 237
74084, -22, 14, 234
74105, -22, 14, 233
74127, -21, 14, 234
74161, -19, 13, 233
74182, -22, 14, 235
74204, -22, 14, 235
74225, -21, 15, 238
74247, -21, 17, 237
74268, -20, 15, 234
74290, -21, 15, 234
74311, -21, 13, 234
74333, -20, 13, 234
74354, -22, 13, 234
74376, -19, 15, 237
74397, -20, 15, 236
74419, -21, 14, 234
74440, -23, 14, 233
74462, -21, 14, 234
74483, -20, 15, 235
74505, -22, 15, 236
74526, -21, 13, 236
74548, -21, 14, 235
74568, -21, 13, 236
74605, -22, 14, 235
74627, -20, 16, 238
74648, -21, 14, 236
74670, -22, 15, 235
74695, -22, 16, 236
74717, -20, 14, 236
74738, -21, 14, 235
74760, -21, 14, 235
74781, -26, 24, 238
74803, -36, 60, 233
74824, -18, 68, 237
74856, -41, 12, 272
74877, -47, -34, 260
74899, 18, -76, 219
74920, 9, 9, 204
74942, -21, 26, 254
74963, -17, 8, 242
74985, -17, -27, 253
75006, -5, -32, 214
75028, -20, -10, 223
75049, -20, -19, 245
75071, -11, -8, 225
75092, -12, -16, 238
75114, -23, -17, 226
75151, -33, 7, 248
75172, -22, 6, 259
75194, -19, 3, 251
75215, -9, 3, 223
75237, -18, 22, 226
75262, 14, 3, 213
75284, -8, 13, 218
75305, 10, 0, 233
75327, -20, 22, 252
75348, -14, 30, 244
75370, -22, 37, 219
75392, -49, 44, 249
75421, 4, 6, 218
75443, 6, 1, 217
75464, 5, -22, 246
75486, -14, -15, 240
75507, -18, -6, 251
75529, -45, 8, 306
75550, -32, 59, 234
75572, -14, 13, 230
75593, -19, 18, 236
75615, -19, 11, 235
75636, -22, 15, 235
75658, -20, 14, 237
75679, -21, 15, 234
75716, -21, 14, 239
75738, -21, 16, 236
75759, -21, 13, 234
75781, -21, 14, 233
75802, -22, 13, 233
75828, -21, 12, 235
75849, -19, 13, 236
75871, -20, 16, 237
75892, -21, 15, 234
75914, -20, 14, 234
75935, -21, 14, 235
75957, -22, 15, 236
75978, -23, 14, 236
76000, -22, 14, 236
76021, -20, 16, 237
76043, -21, 14, 235
76064, -22, 13, 236
76086, -21, 13, 234
76118, -22, 16, 232
76139, -22, 15, 233
76161, -21, 14, 235
76182, -22, 15, 237
76204, -20, 14, 235
76225, -22, 14, 235
76262, -21, 14, 235
76282, -21, 15, 233
76304, -22, 13, 235
76325, -21, 14, 234
76347, -21, 15, 234
76372, -21, 15, 235
76394, -20, 14, 236
76416, -22, 14, 235
76437, -21, 14, 235
76459, -22, 15, 237
76480, -22, 13, 234
76502, -23, 14, 234
76523, -20, 14, 234
76545, -21, 13, 236
76566, -21, 14, 236
76588, -21, 15, 235
76609, -21, 14, 234
76631, -21, 17, 238
76652, -20, 14, 234
76682, -20, 16, 235
76703, -21, 14, 234
76725, -22, 14, 233
76746, -23, 15, 236
76768, -22, 13, 234
76789, -22, 16, 237
76825, -21, 15, 236
76847, -20, 14, 237
76868, -22, 14, 236
76890, -20, 13, 236
76911, -21, 13, 234
76937, -22, 13, 234
76958, -20, 14, 236
76980, -22, 16, 236
77001, -19, 15, 236
77023, -21, 16, 236
77044, -20, 13, 234
77066, -22, 15, 233
77087, -22, 14, 232
77109, -22, 13, 236
77130, -22, 14, 233
77152, -21, 14, 236
77173, -21, 15, 236
77195, -21, 14, 234
77216, -22, 14, 236
77238, -21, 15, 235
77259, -21, 14, 234
77281, -22, 14, 235
77301, -22, 16, 234
77323, -21, 15, 236
77344, -21, 13, 233
77391, -21, 15, 235
77413, -20, 14, 235
77434, -21, 14, 233
77456, -19, 14, 236
77481, -22, 14, 234
77503, -22, 14, 233
77524, -19, 14, 236
77546, -21, 13, 235
77568, -20, 14, 234
77589, -22, 14, 233
77611, -20, 14, 234
77632, -20, 14, 236
77654, -22, 14, 233
77675, -22, 12, 235
77697, -21, 14, 234
77718, -22, 15, 234
77740, -21, 15, 234
77761, -22, 16, 235
77783, -22, 13, 235
77804, -22, 14, 235
77826, -20, 14, 235
77847, -21, 14, 236
77869, -22, 15, 236
77890, -22, 15, 234
77927, -21, 14, 235
77957, -21, 14, 234
77978, -20, 13, 235
78000, -22, 15, 234
78025, -22, 13, 234
78047, -21, 14, 233
78068, -20, 15, 234
78090, -19, 15, 236
78111, -21, 13, 234
78133, -21, 13, 235
78154, -20, 15, 236
78176, -22, 13, 236
78197, -21, 14, 233
78219, -21, 15, 235
78240, -23, 15, 237
78261, -19, 16, 234
78282, -20, 15, 236
78304, -20, 15, 235
78325, -21, 15, 234
78347, -20, 13, 235
78368, -21, 13, 235
78390, -21, 14, 235
78411, -22, 14, 235
78433, -22, 13, 235
78454, -21, 14, 233
78491, -19, 16, 237
78513, -21, 16, 234
78534, -21, 15, 233
78556, -21, 14, 236
78581, -20, 13, 234
78603, -21, 13, 233
78624, -21, 13, 235
78656, -21, 16, 235
78678, -22, 14, 234
78699, -19, 14, 234
78721, -20, 13, 234
78742, -21, 14, 235
78764, -21, 15, 233
78785, -20, 15, 237
78807, -20, 15, 236
78827, -22, 13, 235
78849, -23, 14, 235
78870, -23, 14, 235
78892, -21, 15, 235
78913, -21, 13, 234
78935, -22, 14, 235
78956, -22, 14, 235
78978, -22, 13, 234
78999, -20, 13, 236
79071, -22, 15, 235
79092, -22, 15, 235
79114, -21, 13, 235
79135, -20, 16, 235
79160, -23, 15, 235
79181, -21, 14, 234
79203, -22, 16, 234
79232, -19, 18, 236
79253, -22, 17, 235
79273, -21, 15, 233
79295, -21, 15, 235
79316, -22, 14, 234
79337, -21, 14, 235
79358, -21, 13, 234
79379, -21, 16, 234
79400, -21, 14, 234
79422, -22, 14, 233
79442, -20, 16, 236
79464, -20, 14, 234
79484, -22, 13, 234
79506, -21, 15, 236
79526, -19, 15, 234
79548, -21, 13, 235
79569, -22, 15, 233
79590, -20, 15, 235
79627, -21, 13, 234
79647, -21, 16, 240
79669, -21, 15, 236
79693, -22, 15, 235
79715, -20, 14, 236
79735, -21, 14, 235
79757, -21, 14, 233
79777, -21, 13, 236
79799, -21, 14, 235
79820, -21, 13, 235
79841, -22, 15, 235
79862, -21, 15, 234
79884, -21, 14, 232
79904, -20, 14, 238
79936, -21, 16, 235
79956, -21, 15, 236
79978, -20, 16, 235
80000, -21, 14, 235
80020, -21, 13, 235
80041, -21, 14, 236
80062, -21, 16, 236
80083, -23, 13, 234
80105, -21, 14, 235
80125, -20, 14, 235
80162, -21, 14, 234
80184, -23, 13, 236
80205, -22, 15, 235
80226, -20, 15, 235
80251, -22, 14, 237
80273, -19, 15, 234
80294, -21, 13, 236
80316, -20, 14, 235
80337, -21, 16, 238
80359, -21, 14, 237
80380, -20, 15, 235
80402, -22, 15, 238
80423, -21, 15, 237
80445, -21, 14, 235
80476, -20, 14, 234
80497, -21, 14, 235
80519, -21, 12, 236
80540, -22, 15, 234
80562, -20, 16, 235
80583, -23, 16, 237
80605, -21, 14, 237
80626, -20, 14, 235
80649, -19, 15, 236
80670, -20, 14, 237
80692, -21, 14, 234
80729, -21, 15, 235
80750, -21, 14, 235
80772, -22, 14, 234
80797, -20, 14, 235
80819, -18, 16, 235
80840, -20, 15, 238
80862, -21, 15, 235
80883, -21, 15, 234
80905, -21, 14, 233
80926, -22, 15, 233
80948, -21, 14, 234
80969, -21, 13, 235
80991, -21, 14, 233
81012, -20, 15, 234
81034, -21, 15, 236
81055, -21, 15, 236
81077, -20, 15, 235
81098, -20, 14, 235
81120, -22, 14, 235
81141, -21, 15, 234
81163, -21, 15, 233
81195, -20, 14, 236
81216, -22, 14, 235
81238, -22, 14, 235
81274, -21, 13, 233
81296, -20, 14, 236
81317, -20, 13, 235
81339, -22, 14, 235
81364, -21, 14, 234
81386, -21, 14, 235
81408, -20, 14, 234
81429, -20, 15, 234
81451, -20, 14, 237
81472, -21, 14, 235
81494, -21, 15, 236
81515, -21, 15, 235
81537, -21, 14, 232
81558, -22, 14, 234
81580, -21, 14, 234
81601, -22, 14, 236
81623, -20, 14, 236
81644, -19, 15, 235
81666, -21, 17, 234
81687, -21, 14, 235
81719, -22, 15, 235
81740, -19, 14, 226
81762, -17, 17, 238
81783, -25, 15, 238
81805, -25, 12, 237
81841, -19, 15, 236
81862, -22, 14, 233
81884, -20, 13, 233
81909, -21, 13, 235
81932, -21, 16, 237
81953, -22, 16, 235
81975, -20, 16, 233
81996, -20, 15, 235
82018, -21, 15, 236
82039, -19, 16, 233
82061, -22, 14, 237
82082, -22, 15, 234
82104, -20, 14, 235
82125, -19, 14, 232
82147, -22, 14, 233
82168, -23, 15, 234
82190, -20, 15, 234
82211, -21, 14, 235
82233, -21, 15, 235
82254, -22, 13, 235
82276, -23, 15, 236
82297, -21, 15, 232
82319, -22, 14, 234
82340, -21, 14, 232
82362, -22, 15, 234
82399, -20, 15, 236
82420, -21, 14, 236
82446, -22, 15, 236
82478, -22, 12, 237
82499, -20, 14, 233
82521, -21, 14, 236
82542, -21, 14, 236
82564, -21, 15, 237
82585, -22, 14, 235
82607, -20, 12, 234
82628, -22, 15, 235
82650, -21, 14, 234
82671, -21, 14, 237
82693, -21, 16, 237
82714, -20, 16, 237
82736, -22, 15, 234
82757, -22, 15, 233
82780, -22, 13, 234
82801, -21, 15, 236
82823, -21, 15, 234
82844, -22, 15, 235
82866, -22, 15, 235
82887, -21, 15, 234
82909, -21, 16, 234
82946, -21, 14, 235
82976, -22, 14, 237
82998, -21, 17, 237
83023, -22, 14, 235
83045, -21, 14, 232
83066, -21, 13, 235
83088, -22, 14, 234
83109, -20, 13, 236
83131, -20, 13, 233
83152, -20, 15, 236
83174, -20, 14, 235
83195, -21, 14, 237
83217, -22, 14, 235
83238, -22, 3, 222
83260, -18, 11, 232
83281, -23, 15, 236
83303, -21, 15, 235
83324, -20, 15, 235
83346, -21, 14, 234
83367, -24, 14, 237
83389, -21, 15, 234
83410, -21, 14, 234
83432, -23, 14, 233
83453, -21, 14, 234
83475, -23, 14, 236
83512, -21, 16, 235
83533, -20, 14, 235
83559, -21, 14, 233
83580, -21, 14, 236
83602, -21, 13, 233
83623, -21, 15, 232
83645, -20, 14, 234
83666, -20, 13, 231
83688, -23, 11, 237
83708, -19, 15, 236
83741, -30, 28, 237
83763, -9, 44, 227
83784, -18, 7, 235
83806, -22, -5, 235
83827, -24, 5, 241
83849, -22, 12, 238
83869, -19, 18, 232
83891, -19, 15, 235
83912, -19, 12, 229
83934, -22, 15, 236
83955, -21, 20, 243
83977, -26, 9, 229
83998, -18, 14, 225
84020, -23, 14, 237
84057, -21, 13, 233
84078, -26, 13, 240
84100, -22, 12, 235
84125, -23, 14, 237
84147, -20, 13, 235
84168, -22, 14, 236
84254, -19, 15, 237
84277, -24, 17, 237
84298, -20, 15, 235
84320, -21, 14, 234
84341, -21, 15, 236
84363, -24, 16, 238
84384, -20, 18, 232
84406, -22, 21, 236
84427, -17, 2, 234
84449, -18, 10, 232
84470, -24, 15, 235
84492, -20, 11, 231
84513, -22, 13, 238
84535, -19, 14, 231
84556, -22, 19, 235
84578, -23, 15, 234
84598, -17, 26, 238
84621, -18, 3, 241
84641, -26, 34, 231
84679, -21, -17, 233
84701, -23, 14, 240
84726, -23, 15, 234
84748, -14, 2, 229
84769, -31, 28, 239
84791, -24, 19, 239
84812, -23, 16, 240
84834, -7, 6, 214
84855, -21, 10, 239
84877, -28, 22, 239
84898, -22, 23, 241
84920, -18, 10, 230
84941, -20, 13, 234
84963, -28, 24, 242
84984, -19, 11, 225
85006, -19, 8, 239
85027, -28, 26, 244
85059, -16, 7, 227
85081, -19, 12, 230
85102, -20, 9, 233
85124, -22, 15, 239
85145, -25, 14, 241
85167, -21, 18, 233
85188, -21, 11, 237
85225, -22, 13, 242
85245, -17, 9, 236
85267, -14, 3, 220
85293, -23, 9, 240
85314, -25, 14, 239
