2400, 64, -86, -22
2487, 68, -100, 35
2506, 64, -101, 37
2526, 64, -96, 27
2545, 63, -94, 19
2565, 65, -90, 6
2584, 68, -91, -2
2604, 71, -91, -8
2623, 75, -94, -12
2642, 72, -93, -13
2662, 70, -96, -6
2681, 68, -98, 1
2701, 65, -99, 9
2720, 64, -99, 10
2740, 64, -101, 12
2759, 64, -105, 15
2779, 67, -107, 14
2798, 73, -113, 12
2818, 79, -119, 11
2837, 94, -131, 15
2856, 109, -136, 17
2876, 113, -138, 19
2895, 114, -147, 17
2930, 73, -137, 15
2950, 58, -120, 19
2969, 59, -112, 24
2989, 65, -112, 26
3012, 95, -131, 32
3032, 106, -140, 41
3051, 107, -139, 42
3070, 104, -134, 40
3090, 99, -126, 37
3109, 100, -120, 34
3129, 103, -117, 27
3148, 105, -114, 23
3168, 103, -107, 22
3187, 94, -98, 23
3207, 88, -90, 24
3226, 86, -88, 26
3246, 85, -89, 22
3265, 89, -86, 22
3284, 83, -80, 20
3304, 78, -74, 18
3323, 82, -74, 12
3343, 87, -73, 7
3362, 87, -74, 5
3382, 87, -75, 7
3401, 90, -80, 12
3436, 122, -105, 30
3456, 131, -119, 43
3475, 140, -123, 46
3494, 134, -130, 48
3532, 89, -127, 21
3552, 77, -126, 5
3581, 102, -138, -12
3601, 111, -132, -10
3621, 102, -120, 4
3641, 95, -117, 15
3660, 90, -122, 36
3680, 93, -126, 42
3699, 88, -121, 39
3719, 84, -112, 32
3738, 83, -107, 22
3758, 85, -99, 10
3777, 84, -97, 4
3796, 84, -97, 7
3815, 83, -96, 10
3834, 84, -101, 12
3854, 86, -101, 10
3873, 88, -100, 9
3893, 87, -100, 7
3912, 85, -98, 5
3947, 89, -96, -3
3966, 89, -92, -13
3986, 89, -90, -18
4005, 93, -92, -17
4025, 95, -93, -16
4044, 93, -92, -13
4068, 88, -84, -15
4087, 85, -80, -14
4107, 85, -83, -13
4126, 82, -82, -16
4146, 81, -89, -17
4165, 88, -95, -19
4185, 82, -92, -22
4204, 73, -86, -18
4224, 64, -82, -10
4243, 61, -86, 0
4262, 63, -91, 8
4282, 64, -96, 9
4301, 62, -94, 5
4321, 59, -87, 2
4340, 61, -96, 7
4360, 65, -100, 10
4379, 72, -105, 11
4399, 72, -105, 9
4417, 72, -104, 7
4452, 77, -104, 9
4471, 81, -107, 12
4491, 84, -111, 13
4510, 88, -115, 16
4530, 93, -122, 22
4549, 95, -126, 24
4583, 97, -135, 35
4602, 97, -137, 40
4626, 96, -133, 48
4645, 97, -133, 53
4665, 99, -130, 53
4684, 99, -128, 49
4704, 98, -121, 44
4733, 94, -106, 37
4753, 91, -97, 33
4772, 90, -92, 30
4792, 91, -89, 23
4811, 91, -90, 20
4831, 85, -87, 19
4850, 79, -84, 17
4870, 72, -90, 13
4889, 70, -93, 4
4909, 63, -95, 2
4928, 55, -99, 8
4963, 54, -107, 17
4982, 57, -112, 17
5002, 59, -111, 15
5021, 61, -109, 14
5041, 61, -111, 14
5060, 64, -114, 18
5080, 69, -114, 19
5099, 75, -115, 22
5118, 77, -115, 23
5138, 81, -117, 24
5161, 90, -120, 25
5181, 87, -116, 24
5200, 86, -112, 23
5220, 84, -112, 24
5239, 98, -120, 26
5259, 103, -122, 33
5278, 96, -116, 40
5298, 84, -107, 38
5317, 78, -105, 28
5337, 83, -101, 17
5356, 84, -97, 10
5376, 82, -89, 1
5395, 82, -84, 1
5414, 89, -89, 10
5434, 97, -96, 20
5469, 99, -104, 28
5488, 96, -99, 21
5507, 91, -88, 7
5526, 87, -81, -3
5545, 84, -77, -11
5565, 80, -74, -12
5584, 79, -78, -12
5619, 78, -95, -10
5639, 71, -94, -7
5657, 64, -96, -1
5677, 62, -98, 2
5700, 63, -105, 9
5720, 62, -109, 11
5739, 62, -109, 13
5758, 63, -109, 13
5778, 63, -110, 15
5797, 62, -107, 15
5817, 62, -103, 14
5836, 67, -105, 14
5856, 78, -111, 14
5885, 110, -129, 15
5905, 129, -150, 20
5924, 128, -157, 18
5944, 103, -142, 17
5979, 55, -102, 16
5998, 71, -105, 17
6018, 84, -109, 15
6037, 97, -117, 17
6056, 101, -120, 19
6076, 105, -124, 20
6095, 106, -120, 27
6115, 95, -112, 31
6134, 89, -101, 35
6154, 93, -104, 33
6173, 100, -108, 30
6193, 105, -105, 27
6216, 94, -92, 25
6236, 96, -93, 26
6255, 97, -90, 26
6275, 92, -85, 27
6294, 88, -82, 28
6312, 91, -82, 28
6332, 94, -82, 27
6351, 95, -83, 25
6371, 94, -84, 26
6390, 95, -86, 28
6410, 97, -88, 28
6429, 98, -93, 26
6449, 95, -93, 22
6483, 105, -102, 15
6503, 128, -116, 14
6522, 125, -123, 16
6542, 101, -117, 16
6561, 72, -110, 18
6580, 56, -105, 14
6599, 60, -111, 8
6619, 70, -110, -1
6688, 84, -115, -3
6708, 72, -104, 2
6727, 64, -103, 9
6747, 61, -101, 18
6766, 64, -107, 24
6786, 64, -102, 20
6809, 67, -103, 15
6829, 71, -104, 9
6848, 74, -105, 2
6867, 73, -103, -2
6887, 70, -101, 1
6906, 68, -102, 4
6926, 70, -108, 13
6945, 74, -114, 16
6965, 79, -118, 15
6984, 81, -122, 15
7004, 76, -118, 16
7038, 112, -133, 22
7058, 130, -153, 30
7088, 85, -134, 23
7107, 51, -104, 18
7127, 47, -86, 14
7146, 64, -94, 20
7164, 76, -103, 23
7184, 95, -120, 30
7203, 100, -126, 35
7223, 93, -120, 35
7242, 89, -118, 38
7262, 86, -115, 40
7281, 89, -117, 36
7301, 96, -118, 31
7324, 95, -114, 27
7344, 95, -109, 27
7363, 94, -104, 24
7383, 96, -100, 22
7402, 96, -98, 21
7421, 97, -95, 23
7441, 98, -93, 22
7460, 102, -95, 23
7480, 108, -94, 22
7499, 104, -92, 19
7534, 100, -91, 11
7554, 130, -108, 8
7573, 136, -111, 10
7591, 113, -101, 18
7611, 85, -97, 23
7630, 56, -89, 16
7650, 50, -88, 10
7669, 60, -91, 0
7689, 69, -93, -15
7724, 87, -101, -15
7742, 86, -97, -3
7761, 77, -98, 13
7781, 73, -100, 30
7800, 74, -105, 38
7820, 69, -101, 40
7839, 67, -101, 35
7863, 72, -103, 26
7882, 79, -108, 15
7902, 84, -111, 5
7921, 84, -113, 3
7941, 82, -113, 5
7960, 80, -120, 14
7979, 81, -128, 16
7998, 84, -132, 15
8017, 88, -138, 16
8052, 85, -145, 15
8072, 92, -148, 12
8091, 115, -163, 11
8111, 114, -166, 18
8130, 85, -153, 24
8150, 52, -131, 29
8169, 33, -108, 25
8188, 33, -102, 23
8208, 55, -103, 21
8238, 83, -109, 18
8257, 98, -113, 20
8276, 105, -117, 21
8295, 107, -119, 20
8314, 105, -115, 21
8334, 99, -108, 21
8353, 96, -105, 23
8373, 95, -107, 24
8396, 99, -111, 28
8416, 97, -109, 29
8435, 92, -102, 32
8455, 90, -100, 35
8474, 94, -101, 34
8494, 97, -98, 30
8512, 96, -93, 28
8547, 94, -84, 21
8566, 98, -85, 18
8586, 99, -85, 15
8605, 97, -84, 12
8625, 93, -75, 10
8644, 86, -71, 4
8663, 91, -75, 6
8682, 124, -93, 16
8701, 126, -107, 27
8721, 98, -113, 38
8756, 61, -109, 32
8774, 68, -111, 14
8794, 79, -110, -5
8813, 92, -116, -19
8833, 89, -113, -20
8852, 80, -114, -2
8871, 79, -114, 20
8891, 78, -114, 28
8910, 74, -113, 37
8933, 79, -116, 26
8952, 82, -114, 18
8971, 82, -109, 10
8990, 82, -111, 8
9010, 81, -114, 9
9028, 77, -113, 7
9063, 70, -112, 6
9081, 69, -115, 9
9101, 69, -120, 18
9120, 69, -125, 26
9139, 70, -128, 28
9158, 74, -130, 24
9178, 73, -127, 20
9196, 84, -133, 22
9216, 107, -149, 24
9234, 110, -156, 27
9253, 86, -139, 22
9273, 69, -129, 20
9291, 49, -105, 13
9311, 57, -97, 14
9330, 74, -111, 19
9349, 89, -123, 22
9378, 98, -127, 31
9398, 95, -125, 32
9416, 91, -119, 32
9436, 92, -115, 28
9458, 93, -111, 24
9478, 94, -108, 23
9496, 96, -108, 23
9516, 100, -112, 20
9549, 97, -105, 24
9569, 93, -99, 27
9588, 91, -97, 30
9607, 92, -94, 30
9626, 93, -90, 28
9645, 93, -88, 26
9664, 93, -84, 22
9682, 97, -86, 18
9702, 99, -87, 13
9720, 96, -85, 8
9740, 91, -81, 5
9775, 110, -95, 4
9794, 130, -105, 12
9812, 119, -108, 19
9832, 104, -107, 19
9851, 76, -104, 17
9870, 60, -99, 11
9889, 65, -104, 7
9908, 79, -114, -3
9927, 92, -124, -13
9946, 98, -129, -11
9965, 98, -128, -5
9989, 77, -126, 23
10008, 70, -125, 31
10028, 61, -120, 43
10062, 63, -113, 39
10082, 71, -113, 32
10101, 75, -112, 20
10121, 75, -111, 17
10140, 75, -107, 9
10160, 75, -109, 1
10179, 73, -106, -1
10199, 65, -103, 4
10218, 64, -111, 11
10237, 70, -122, 17
10257, 74, -132, 19
10276, 75, -134, 17
10296, 73, -128, 15
10315, 67, -123, 13
10335, 91, -134, 18
10354, 126, -163, 25
10374, 127, -172, 28
10393, 80, -135, 22
10413, 48, -102, 15
10432, 44, -87, 8
10451, 55, -93, 9
10475, 92, -111, 12
10494, 104, -117, 18
10524, 107, -119, 22
10559, 104, -126, 21
10578, 92, -117, 22
10598, 82, -104, 24
10617, 79, -100, 23
10637, 80, -93, 21
10656, 82, -92, 22
10676, 88, -94, 21
10695, 89, -91, 23
10715, 87, -88, 24
10734, 86, -84, 26
10754, 85, -83, 25
10789, 86, -82, 25
10809, 88, -83, 23
10828, 92, -88, 23
10848, 93, -90, 20
10867, 87, -87, 18
10887, 90, -89, 10
10906, 102, -96, 12
10926, 129, -117, 19
10945, 135, -123, 21
10964, 107, -121, 23
10984, 74, -113, 14
11008, 55, -96, 1
11027, 55, -94, -9
11046, 66, -104, -15
11081, 94, -122, -11
11101, 105, -131, 0
11120, 103, -135, 18
11140, 92, -127, 30
11159, 74, -118, 30
11179, 65, -102, 22
11198, 67, -100, 12
11217, 71, -99, 2
11237, 73, -100, -1
11256, 75, -100, -3
11276, 76, -102, -1
11295, 73, -104, 3
11315, 71, -106, 6
11334, 70, -106, 6
11354, 69, -108, 7
11373, 74, -111, 7
11393, 78, -115, 5
11412, 84, -121, 3
11431, 80, -118, 1
11451, 75, -112, 4
11470, 96, -125, 18
11490, 117, -142, 26
11513, 118, -143, 31
11533, 98, -129, 28
11552, 78, -109, 23
11625, 78, -89, 7
11644, 106, -107, 13
11664, 126, -126, 23
11683, 122, -132, 32
11703, 117, -130, 36
11732, 96, -115, 41
11752, 87, -103, 37
11771, 84, -96, 34
11791, 84, -94, 30
11810, 90, -94, 26
11846, 97, -93, 19
11865, 95, -90, 19
11885, 93, -84, 18
11905, 94, -82, 18
11923, 92, -82, 20
11943, 91, -83, 20
11962, 87, -84, 19
11981, 87, -85, 17
12001, 84, -83, 13
12020, 94, -88, 13
12040, 114, -96, 19
12059, 123, -106, 27
12083, 118, -109, 32
12102, 101, -106, 27
12137, 67, -93, -12
12157, 65, -91, -20
12177, 70, -96, -31
12196, 76, -95, -30
12216, 80, -98, -18
12235, 89, -113, 0
12255, 99, -122, 17
12274, 95, -133, 34
12294, 84, -129, 43
12313, 79, -126, 42
12333, 74, -118, 32
12351, 78, -111, 13
12370, 81, -100, -10
12390, 83, -98, -22
12409, 86, -97, -24
12429, 86, -102, -16
12448, 84, -108, -10
12468, 79, -109, -6
12487, 78, -108, -4
12507, 80, -110, -1
12526, 87, -112, 0
12546, 95, -120, 4
12569, 104, -129, 11
12589, 105, -134, 10
12608, 108, -138, 16
12643, 89, -129, 22
12662, 65, -109, 21
12682, 60, -97, 18
12701, 64, -92, 18
12721, 72, -97, 19
12740, 81, -100, 25
12760, 81, -101, 33
12779, 80, -100, 41
12798, 80, -99, 43
12818, 84, -98, 43
12853, 93, -95, 46
12872, 95, -95, 43
12902, 112, -106, 40
12921, 120, -109, 40
12941, 127, -114, 43
12960, 126, -113, 48
12980, 116, -106, 47
12999, 108, -96, 44
13019, 107, -89, 37
13038, 106, -84, 32
13058, 105, -83, 29
13081, 108, -84, 28
13101, 106, -84, 29
13120, 102, -83, 30
13155, 100, -88, 33
13174, 101, -94, 34
13194, 98, -94, 32
13213, 97, -93, 27
13233, 97, -93, 24
13252, 95, -94, 22
13272, 94, -96, 20
13291, 92, -97, 20
13310, 92, -101, 21
13330, 94, -102, 21
13349, 93, -102, 20
13369, 92, -99, 17
13388, 93, -101, 14
13408, 95, -101, 12
13427, 94, -101, 9
13447, 93, -101, 5
13466, 97, -103, 3
13486, 94, -102, 4
13505, 91, -102, 5
13524, 93, -103, 6
13544, 95, -103, 7
13563, 95, -101, 8
13583, 98, -104, 12
13600, 95, -100, 9
13620, 86, -93, -4
13655, 81, -82, -23
13674, 82, -90, -26
13693, 86, -94, -21
13713, 94, -109, -10
13732, 101, -109, -4
13752, 104, -117, 1
13771, 103, -122, 0
13791, 98, -118, -6
13810, 86, -107, -19
13830, 79, -103, -26
13849, 84, -104, -24
13884, 89, -111, -14
13903, 88, -114, -6
13923, 83, -112, 4
13942, 78, -111, 13
13962, 77, -112, 16
13981, 75, -107, 7
14001, 74, -103, 1
14020, 74, -102, 0
14050, 75, -106, 4
14069, 74, -106, 5
14089, 71, -104, 7
14112, 69, -100, 12
14132, 69, -102, 14
14166, 76, -108, 21
14185, 76, -108, 23
14204, 78, -110, 25
14224, 89, -117, 28
14243, 113, -129, 28
14263, 126, -144, 31
14282, 121, -144, 27
14302, 94, -128, 21
14321, 64, -103, 12
14341, 48, -84, 3
14360, 59, -93, 4
14380, 69, -100, 7
14399, 89, -116, 18
14418, 105, -131, 34
14438, 111, -137, 46
14457, 109, -133, 53
14477, 106, -127, 50
14496, 104, -119, 43
14516, 101, -110, 36
14535, 101, -107, 32
14555, 104, -105, 29
14574, 109, -104, 26
14598, 105, -98, 23
14617, 103, -96, 24
14637, 100, -92, 24
14670, 93, -86, 26
14690, 91, -84, 25
14709, 93, -86, 26
14729, 96, -83, 30
14748, 98, -89, 30
14768, 96, -87, 26
14787, 93, -89, 21
14807, 121, -98, 21
14826, 134, -107, 21
14845, 111, -100, 20
14865, 101, -98, 19
14901, 73, -94, -3
14920, 61, -88, -16
14940, 53, -80, -26
14959, 56, -79, -25
14979, 67, -94, -17
14998, 88, -112, -7
15016, 106, -128, 3
15036, 110, -140, 23
15055, 93, -143, 34
15075, 75, -133, 33
15094, 65, -121, 24
15118, 68, -113, 13
15137, 76, -111, 3
15157, 79, -110, 3
15209, 78, -114, 24
15239, 69, -114, 27
15258, 67, -112, 27
15278, 64, -112, 28
15297, 64, -112, 28
15316, 67, -115, 26
15336, 73, -118, 20
15355, 79, -121, 15
15375, 87, -129, 13
15394, 117, -153, 19
15414, 126, -163, 22
15433, 125, -166, 27
15453, 98, -152, 23
15471, 61, -123, 16
15491, 36, -96, 8
15510, 34, -89, 5
15529, 56, -97, 6
15549, 82, -113, 9
15568, 95, -122, 12
15588, 116, -135, 21
15607, 116, -135, 24
15631, 100, -116, 21
15650, 97, -109, 21
15670, 94, -108, 22
15705, 92, -101, 20
15724, 92, -100, 22
15744, 93, -100, 21
15763, 92, -99, 22
15782, 88, -96, 21
15802, 86, -92, 18
15821, 83, -83, 15
15841, 83, -81, 12
15860, 85, -80, 11
15879, 86, -79, 10
15898, 86, -80, 11
15970, 92, -94, 11
15989, 121, -106, 16
16009, 130, -117, 28
16028, 119, -125, 36
16048, 94, -118, 31
16067, 66, -106, 19
16087, 58, -100, 8
16106, 64, -102, 2
16125, 79, -108, -11
16145, 96, -118, -10
16164, 102, -124, 1
16188, 94, -124, 23
16207, 79, -125, 41
16227, 66, -113, 47
16262, 64, -101, 42
16280, 70, -103, 38
16300, 77, -112, 31
16319, 81, -118, 19
16338, 77, -110, 5
16358, 69, -103, -4
16377, 68, -104, -5
16397, 64, -104, -4
16427, 62, -110, 1
16446, 64, -120, 7
16465, 68, -128, 10
16485, 70, -137, 8
16504, 72, -141, 6
16524, 90, -155, 12
16543, 110, -167, 21
16563, 98, -162, 26
16582, 79, -145, 29
16601, 72, -135, 28
16620, 63, -118, 20
16640, 54, -102, 10
16659, 56, -92, 1
16678, 75, -96, 5
16702, 97, -112, 14
16721, 114, -122, 20
16756, 112, -125, 25
16776, 102, -117, 28
16795, 97, -112, 27
16815, 96, -113, 25
16834, 92, -108, 22
16854, 88, -101, 22
16873, 83, -97, 23
16892, 85, -97, 22
16911, 86, -95, 23
16930, 86, -90, 22
16950, 82, -84, 19
16986, 77, -78, 17
17005, 77, -78, 16
17024, 77, -78, 15
17043, 80, -83, 15
17062, 83, -85, 12
17082, 81, -85, 7
17101, 80, -86, 2
17121, 93, -95, 0
17140, 122, -113, 9
17160, 132, -120, 14
17179, 120, -129, 25
17199, 96, -131, 30
17221, 65, -120, 23
17241, 52, -103, 16
17275, 99, -124, -7
17294, 109, -132, -12
17313, 113, -142, -9
17333, 96, -132, 6
17351, 79, -127, 26
17371, 67, -116, 32
17389, 66, -106, 32
17409, 67, -104, 30
17428, 71, -101, 29
17446, 74, -103, 24
17466, 79, -109, 19
17485, 79, -107, 9
17504, 77, -106, 3
17523, 77, -107, 2
17542, 77, -111, 1
17571, 70, -111, 3
17591, 65, -110, 8
17609, 68, -114, 14
17629, 76, -120, 15
17647, 82, -126, 13
17667, 81, -124, 12
17686, 76, -123, 13
17709, 100, -133, 19
17728, 102, -134, 18
17762, 93, -125, 18
17781, 83, -116, 19
17800, 77, -109, 19
17819, 67, -98, 16
17838, 64, -94, 15
17857, 85, -103, 21
17876, 112, -118, 24
17895, 120, -127, 27
17914, 116, -126, 27
17933, 104, -118, 29
17952, 94, -113, 28
17988, 88, -106, 31
18008, 88, -106, 32
18027, 89, -109, 33
18045, 92, -109, 34
18065, 93, -105, 31
18083, 90, -99, 27
18103, 91, -96, 25
18121, 92, -93, 25
18141, 94, -90, 24
18160, 95, -89, 20
18179, 93, -85, 19
18198, 91, -83, 17
18221, 91, -84, 14
18240, 92, -87, 9
18275, 84, -80, 1
18294, 89, -85, 2
18314, 114, -100, 9
18333, 123, -111, 18
18353, 110, -112, 22
18372, 85, -105, 18
18392, 61, -99, 11
18411, 54, -97, 5
18430, 54, -91, -6
18450, 67, -97, -17
18469, 87, -112, -21
18489, 110, -130, -15
18508, 119, -139, 0
18528, 106, -136, 20
18547, 86, -134, 36
18567, 74, -125, 35
18586, 71, -122, 31
18606, 75, -114, 20
18625, 76, -111, 7
18644, 78, -111, 4
18664, 79, -114, 5
18683, 75, -113, 6
18717, 69, -112, 9
18737, 64, -108, 10
18771, 62, -108, 13
18791, 65, -113, 13
18811, 73, -120, 8
18830, 79, -125, 3
18849, 75, -121, 0
18870, 70, -119, 2
18889, 92, -134, 14
18909, 107, -150, 22
18928, 109, -156, 24
18948, 96, -141, 22
18984, 64, -106, 12
19004, 58, -97, 8
19023, 56, -95, 7
19043, 69, -101, 10
19062, 83, -111, 11
19082, 110, -128, 15
19101, 123, -139, 24
19121, 118, -144, 35
19140, 108, -139, 42
19160, 98, -128, 40
19179, 95, -116, 34
19198, 96, -109, 31
19218, 97, -105, 25
19241, 99, -99, 20
19261, 100, -96, 15
19296, 96, -87, 10
19315, 93, -82, 9
19335, 86, -78, 9
19354, 83, -78, 9
19374, 81, -76, 9
19393, 80, -76, 10
19412, 79, -77, 14
19432, 77, -78, 14
19451, 74, -77, 14
19471, 75, -78, 11
19490, 101, -94, 14
19510, 121, -105, 23
19529, 120, -114, 30
19549, 111, -121, 29
19568, 100, -117, 27
19588, 80, -114, 17
19607, 67, -105, 3
19627, 62, -108, -8
19646, 70, -113, -9
19665, 84, -120, 0
19685, 95, -131, 17
19704, 107, -149, 36
19724, 110, -154, 43
19747, 93, -146, 39
19767, 76, -127, 25
19802, 69, -105, -3
19821, 73, -100, -11
19841, 77, -103, -11
19860, 77, -105, -5
19890, 68, -112, 9
19910, 66, -115, 14
19930, 64, -118, 21
19949, 59, -116, 22
19985, 55, -113, 14
20004, 62, -116, 9
20024, 68, -119, 4
20043, 71, -121, 5
20063, 75, -123, 8
20082, 87, -131, 17
20102, 103, -139, 27
20121, 105, -139, 29
20141, 103, -134, 29
20160, 100, -124, 25
20180, 91, -112, 21
20200, 85, -105, 18
20219, 72, -95, 12
20238, 64, -84, 6
20261, 75, -90, 5
20281, 86, -95, 7
20316, 116, -124, 20
20335, 118, -130, 30
20355, 109, -129, 37
20374, 103, -126, 40
20393, 93, -113, 40
20413, 84, -103, 36
20432, 83, -97, 32
20452, 83, -94, 27
20471, 85, -93, 25
20491, 89, -93, 21
20510, 90, -92, 18
20530, 90, -91, 15
20549, 91, -87, 16
20569, 88, -85, 18
20588, 85, -82, 20
20608, 81, -81, 20
20627, 81, -80, 18
20646, 82, -81, 18
20666, 82, -84, 17
20685, 81, -86, 15
20705, 79, -88, 9
20724, 75, -86, 6
20744, 73, -86, 5
20762, 85, -97, 10
20786, 105, -115, 20
20855, 91, -128, 25
20875, 80, -119, 11
20894, 74, -112, -3
20914, 72, -108, -13
20933, 68, -107, -19
20953, 69, -108, -19
20972, 75, -114, -7
21009, 91, -129, 22
21028, 104, -145, 36
21048, 102, -145, 40
21067, 94, -137, 38
21097, 72, -113, 14
21116, 70, -107, -4
21136, 73, -100, -18
21155, 74, -96, -22
21175, 73, -95, -20
21194, 74, -98, -10
21214, 76, -110, 3
21233, 76, -115, 8
21253, 73, -116, 14
21272, 67, -114, 12
21292, 68, -117, 12
21311, 73, -118, 11
21335, 79, -123, 12
21369, 95, -134, 20
21389, 102, -142, 29
21408, 98, -140, 30
21428, 77, -124, 30
21447, 64, -104, 27
21467, 69, -99, 24
21486, 86, -109, 22
21506, 98, -117, 28
21525, 103, -127, 50
21544, 103, -126, 66
21564, 99, -119, 68
21583, 94, -97, 74
21603, 90, -84, 76
21622, 95, -95, 86
21642, 116, -92, 41
21661, 106, -100, 54
21681, 92, -98, 59
21700, 88, -90, 73
21720, 83, -89, 78
21739, 81, -89, 78
21758, 86, -89, 77
21778, 99, -98, 72
21797, 104, -96, 66
21817, 107, -94, 55
21840, 107, -92, 48
21875, 105, -96, 40
21895, 104, -97, 38
21913, 105, -97, 36
21933, 109, -100, 34
21952, 105, -101, 29
21971, 102, -98, 25
22008, 102, -98, 19
22028, 103, -98, 15
22047, 102, -97, 12
22067, 98, -95, 14
22086, 92, -92, 17
22106, 82, -88, 15
22125, 77, -85, 9
22145, 80, -88, 5
22163, 81, -91, 2
22182, 87, -98, -11
22202, 87, -97, -30
22221, 83, -95, -34
22251, 92, -110, -23
22270, 95, -118, -13
22290, 95, -123, -9
22309, 99, -129, -14
22329, 98, -129, -23
22352, 92, -126, -34
22387, 86, -113, -38
22407, 86, -116, -32
22426, 89, -120, -22
22446, 89, -123, -18
22465, 89, -123, -18
22484, 86, -120, -16
22504, 83, -118, -14
22523, 81, -117, -8
22543, 83, -121, -5
22562, 83, -121, -5
22582, 78, -117, -2
22601, 70, -113, 4
22621, 64, -115, 12
22640, 65, -115, 17
22660, 66, -114, 18
22679, 66, -113, 21
22699, 68, -112, 24
22718, 73, -115, 27
22737, 85, -123, 31
22757, 112, -136, 37
22775, 111, -140, 40
22795, 95, -131, 37
22814, 90, -124, 33
22838, 77, -101, 22
22857, 69, -93, 22
22892, 66, -95, 25
22912, 74, -103, 27
22931, 101, -119, 27
22950, 126, -138, 30
22970, 132, -143, 32
23007, 107, -122, 36
23026, 104, -108, 30
23046, 105, -104, 23
23065, 105, -98, 18
23085, 105, -96, 14
23104, 105, -95, 14
23123, 109, -97, 13
23143, 108, -94, 14
23162, 99, -86, 12
23182, 90, -79, 9
23201, 87, -77, 8
23220, 85, -73, 8
23239, 83, -73, 9
23259, 83, -74, 11
23278, 87, -79, 13
23298, 91, -84, 14
23317, 92, -87, 13
23336, 95, -90, 11
23360, 121, -101, 19
23395, 117, -109, 35
23425, 96, -104, 31
23444, 72, -95, 21
23463, 62, -94, 8
23483, 68, -94, -6
23502, 81, -104, -13
23522, 95, -112, -13
23541, 104, -124, -7
23561, 104, -128, 11
23580, 89, -130, 26
23600, 84, -128, 30
23619, 74, -121, 30
23639, 69, -112, 18
23658, 68, -110, 7
23676, 71, -108, 0
23696, 74, -108, -5
23715, 73, -107, -7
23735, 70, -108, -6
23754, 68, -108, -1
23774, 66, -113, 7
23793, 64, -116, 13
23813, 64, -118, 14
23832, 67, -119, 13
23856, 72, -120, 11
23875, 78, -123, 8
23910, 100, -134, 13
23929, 127, -156, 19
23949, 124, -153, 24
23968, 98, -136, 20
24005, 56, -96, 8
24024, 50, -92, 3
24043, 60, -93, 2
24062, 83, -103, 6
24082, 103, -120, 13
24101, 115, -129, 20
24121, 108, -125, 24
24140, 95, -114, 24
24160, 90, -106, 22
24179, 90, -103, 19
24199, 93, -100, 16
24218, 92, -97, 14
24238, 91, -96, 14
24257, 93, -96, 14
24276, 92, -94, 15
24296, 87, -89, 15
24314, 85, -86, 13
24334, 86, -84, 13
24353, 85, -81, 12
24377, 84, -81, 12
24412, 92, -86, 12
24431, 96, -90, 12
24451, 97, -94, 12
24470, 96, -96, 12
24489, 108, -106, 14
24509, 135, -117, 24
24527, 135, -128, 34
24547, 109, -121, 32
24578, 66, -101, 10
24596, 56, -93, -7
24615, 67, -93, -21
24635, 86, -101, -20
24654, 95, -105, -13
24674, 100, -116, 5
24693, 91, -120, 27
24713, 79, -122, 42
24732, 63, -109, 42
24752, 55, -103, 31
24771, 59, -95, 15
24791, 64, -95, 4
24810, 67, -96, 3
24829, 71, -100, 6
24849, 63, -116, 26
24867, 56, -131, 36
24891, 56, -134, 30
24926, 55, -109, 14
24945, 62, -113, 12
24965, 67, -117, 13
25001, 71, -120, 16
25021, 74, -120, 15
25039, 77, -124, 14
25059, 110, -143, 20
25078, 125, -155, 23
25098, 126, -166, 29
25117, 91, -147, 27
25137, 65, -125, 24
25156, 51, -103, 18
25176, 53, -100, 14
25195, 71, -104, 14
25214, 87, -112, 19
25234, 94, -116, 23
25253, 103, -122, 29
25273, 103, -119, 30
25291, 95, -109, 28
25311, 89, -101, 28
25330, 87, -97, 23
25350, 92, -100, 23
25369, 93, -98, 19
25393, 88, -94, 19
25465, 88, -89, 25
25485, 86, -86, 25
25504, 89, -84, 25
25523, 90, -84, 22
25542, 91, -84, 21
25562, 95, -85, 17
25580, 98, -87, 15
25600, 104, -91, 10
25619, 103, -91, 7
25637, 117, -99, 6
25657, 131, -107, 10
25675, 139, -115, 20
25695, 120, -115, 31
25714, 93, -111, 30
25733, 59, -97, 13
25762, 59, -88, -10
25782, 68, -88, -16
25800, 83, -96, -19
25820, 95, -103, -11
25838, 99, -115, 3
25858, 90, -117, 20
25877, 75, -114, 32
25895, 65, -106, 33
25915, 63, -103, 32
25937, 70, -100, 24
25972, 77, -107, 14
25991, 79, -108, 13
26029, 77, -110, 11
26047, 75, -112, 13
26066, 70, -113, 15
26085, 66, -115, 15
26104, 66, -118, 16
26124, 69, -124, 12
26142, 71, -125, 10
26162, 75, -126, 5
26180, 78, -128, 3
26200, 86, -134, 7
26219, 116, -155, 19
26237, 116, -160, 27
26257, 103, -153, 27
26275, 74, -130, 23
26295, 53, -105, 13
26314, 50, -92, 2
26333, 70, -96, 2
26352, 94, -112, 9
26371, 110, -127, 16
26390, 114, -128, 22
26409, 104, -125, 28
26432, 96, -117, 31
26467, 88, -105, 29
26486, 88, -105, 29
26506, 90, -103, 31
26525, 90, -101, 31
26545, 90, -97, 30
26564, 93, -95, 28
26584, 92, -89, 25
26603, 88, -82, 24
26622, 88, -83, 23
26642, 92, -85, 22
26661, 92, -84, 22
26681, 91, -83, 21
26700, 91, -84, 19
26720, 97, -89, 13
26739, 99, -92, 8
26759, 94, -93, 4
26778, 102, -96, 7
26798, 128, -113, 17
26817, 128, -113, 25
26836, 97, -112, 29
26856, 84, -107, 29
26875, 56, -97, 19
26905, 58, -90, -1
26925, 81, -101, -17
26948, 101, -119, -24
27001, 73, -120, 28
27022, 66, -120, 37
27041, 60, -115, 42
27061, 63, -113, 30
27080, 72, -113, 13
27100, 77, -109, -1
27119, 78, -106, -4
27139, 81, -106, -2
27158, 82, -109, 1
27177, 80, -115, 0
27197, 77, -115, 0
27216, 66, -112, 2
27236, 63, -117, 9
27255, 69, -129, 13
27275, 77, -138, 17
27294, 74, -138, 20
27315, 68, -131, 21
27334, 92, -141, 26
27354, 122, -161, 30
27373, 125, -164, 30
27393, 98, -139, 21
27412, 69, -110, 18
27431, 49, -88, 9
27451, 52, -86, 3
27490, 99, -110, 11
27509, 113, -124, 18
27529, 108, -125, 25
27548, 102, -125, 29
27568, 94, -118, 32
27588, 86, -110, 34
27608, 81, -105, 32
27627, 83, -103, 31
27646, 85, -101, 32
27666, 87, -99, 32
27685, 91, -97, 32
27705, 94, -95, 29
27724, 96, -94, 29
27744, 97, -91, 26
27763, 99, -86, 25
27783, 97, -83, 21
27802, 99, -82, 19
27822, 101, -83, 15
27841, 98, -82, 12
27860, 96, -82, 10
27881, 116, -94, 12
27900, 128, -99, 15
27920, 133, -111, 20
27939, 114, -103, 28
27976, 60, -92, 15
28015, 56, -83, -21
28035, 63, -86, -25
28054, 83, -95, -24
28073, 98, -113, -13
28104, 111, -140, 16
28124, 90, -141, 31
28143, 71, -129, 28
28163, 66, -122, 15
28182, 72, -119, 3
28201, 74, -116, -10
28221, 76, -115, -12
28240, 81, -121, -7
28260, 82, -126, 0
28279, 77, -125, 4
28299, 70, -121, 6
28318, 64, -117, 8
28338, 63, -116, 7
28357, 62, -115, 4
28377, 66, -114, 2
28396, 68, -115, 1
28416, 72, -118, 3
28435, 70, -120, 10
28454, 70, -121, 18
28474, 93, -127, 29
28513, 100, -130, 29
28532, 90, -119, 27
28552, 83, -111, 24
28571, 72, -97, 18
28591, 65, -88, 11
28610, 71, -89, 10
28630, 93, -95, 17
28649, 107, -108, 26
28668, 119, -119, 34
28688, 118, -123, 38
28707, 114, -118, 39
28727, 101, -111, 36
28746, 95, -103, 31
28766, 89, -93, 24
28785, 88, -89, 21
28804, 90, -86, 16
28823, 93, -83, 13
28843, 93, -82, 13
28862, 94, -82, 15
28881, 94, -83, 16
28901, 93, -85, 20
28920, 93, -86, 23
28975, 87, -90, 18
28994, 84, -85, 12
29014, 90, -90, 12
29053, 98, -98, 19
29073, 93, -98, 16
29092, 94, -100, 11
29112, 91, -100, 0
29131, 91, -103, -13
29151, 90, -102, -22
29170, 82, -102, -28
29190, 77, -97, -19
29209, 71, -99, -5
29229, 77, -106, 9
29249, 91, -116, 18
29279, 104, -128, 18
29298, 99, -128, 12
29318, 87, -118, 4
29337, 82, -112, 1
29357, 79, -104, -8
29376, 82, -104, -14
29396, 85, -105, -17
29416, 85, -111, -14
29435, 83, -116, -4
29455, 80, -123, 2
29474, 80, -124, 6
29494, 76, -124, 5
29513, 76, -124, 2
29533, 77, -124, 1
29572, 78, -120, 7
29591, 75, -118, 13
29611, 84, -119, 18
29630, 89, -114, 23
29649, 79, -102, 22
29669, 69, -88, 23
29688, 67, -85, 25
29708, 73, -86, 36
29727, 87, -92, 52
29747, 101, -97, 67
29766, 111, -95, 76
29786, 107, -91, 85
29805, 105, -98, 69
29825, 96, -107, 67
29844, 88, -109, 66
29863, 70, -108, 83
29882, 61, -100, 79
29901, 63, -97, 73
29921, 70, -94, 65
30002, 110, -103, 59
30021, 117, -103, 55
30041, 111, -96, 50
30060, 108, -97, 49
30080, 109, -94, 43
30118, 100, -93, 20
30138, 95, -93, 17
30157, 91, -98, 20
30177, 87, -100, 25
30196, 86, -102, 27
30216, 85, -102, 28
30235, 82, -102, 29
30255, 80, -100, 33
30274, 83, -101, 34
30294, 88, -100, 33
30313, 95, -100, 26
30332, 99, -96, 18
30352, 94, -89, 13
30371, 90, -86, 10
30391, 86, -82, 5
30410, 84, -82, -6
30430, 83, -79, -18
30449, 94, -88, -26
30479, 109, -103, -20
30498, 108, -107, -8
30518, 101, -110, -3
30536, 95, -108, 2
30556, 88, -113, 0
30575, 88, -112, -5
30595, 91, -114, -10
30633, 80, -106, -15
30653, 74, -104, -6
30672, 77, -111, -2
30692, 82, -113, -2
30711, 90, -117, -8
30731, 90, -117, -8
30750, 88, -119, -1
30770, 88, -124, 6
30789, 88, -129, 9
30809, 88, -134, 10
30828, 83, -133, 14
30848, 75, -133, 18
30866, 73, -132, 19
30885, 69, -131, 20
30905, 67, -131, 19
30924, 66, -131, 19
30944, 65, -130, 22
30983, 102, -151, 35
31002, 104, -154, 41
31022, 88, -144, 41
31041, 62, -120, 39
31060, 50, -101, 33
31080, 47, -96, 25
31099, 57, -99, 20
31137, 107, -118, 21
31158, 122, -122, 31
31177, 128, -125, 35
31197, 136, -129, 41
31216, 131, -119, 36
31236, 122, -110, 31
31255, 114, -102, 26
31275, 116, -103, 18
31294, 114, -97, 14
31313, 109, -92, 13
31333, 106, -89, 15
31352, 101, -86, 17
31372, 95, -77, 18
31391, 89, -71, 17
31411, 92, -72, 18
31430, 99, -75, 18
31450, 98, -75, 18
31469, 98, -74, 18
31489, 99, -77, 18
31507, 100, -79, 18
31526, 103, -86, 20
31546, 123, -97, 25
31565, 139, -109, 37
31585, 123, -103, 48
31604, 94, -94, 42
31654, 66, -93, 0
31674, 76, -97, -10
31693, 95, -116, -18
31713, 105, -119, -14
31732, 103, -121, 2
31752, 87, -120, 19
31771, 72, -120, 31
31791, 72, -120, 34
31810, 71, -117, 30
31830, 72, -117, 22
31849, 72, -115, 17
31868, 73, -115, 7
31888, 75, -111, -2
31907, 75, -113, -5
31927, 76, -118, 0
31964, 69, -124, 18
31983, 69, -125, 21
32003, 67, -123, 23
32022, 69, -125, 22
32041, 72, -127, 18
32061, 74, -126, 17
32080, 73, -124, 17
32100, 75, -123, 18
32119, 90, -128, 22
32158, 95, -132, 26
32178, 76, -125, 22
32197, 64, -115, 19
32217, 71, -116, 19
32236, 91, -124, 23
32256, 106, -134, 32
32275, 111, -136, 39
32294, 114, -138, 41
32314, 115, -132, 45
32333, 110, -125, 41
32353, 107, -116, 34
32372, 114, -118, 30
32392, 123, -114, 26
32410, 121, -112, 22
32431, 117, -102, 16
32449, 115, -95, 11
32468, 112, -89, 9
32488, 104, -75, 5
32507, 95, -67, 3
32527, 90, -64, 5
32546, 89, -64, 6
32566, 91, -71, 6
32585, 95, -74, 8
32605, 98, -79, 11
32624, 97, -78, 14
32663, 101, -88, 23
32683, 100, -91, 31
32702, 91, -97, 38
32720, 98, -108, 38
32740, 109, -122, 35
32759, 124, -143, 26
32779, 129, -150, 19
32808, 113, -144, 2
32828, 92, -130, -3
32847, 79, -116, 1
32867, 72, -112, 20
32886, 63, -121, 39
32906, 62, -133, 48
32944, 56, -130, 39
32962, 47, -127, 37
32982, 40, -123, 32
33001, 34, -124, 24
33020, 32, -112, 16
33040, 32, -107, 11
33059, 37, -108, 12
33079, 40, -110, 14
33098, 47, -125, 21
33118, 90, -161, 33
33137, 126, -174, 39
33176, 122, -160, 46
33196, 109, -141, 42
33215, 106, -130, 37
33234, 105, -126, 34
33254, 107, -121, 33
33273, 112, -117, 28
33293, 120, -117, 28
33312, 127, -111, 25
33332, 126, -102, 24
33351, 121, -94, 19
33371, 111, -83, 19
33390, 114, -94, 30
33410, 119, -96, 33
33429, 130, -90, 28
33448, 127, -78, 7
33469, 127, -59, -15
33487, 126, -55, -13
33507, 123, -62, 2
33526, 115, -63, 16
33546, 102, -62, 20
33565, 105, -74, 20
33585, 134, -90, 29
33604, 127, -94, 34
33624, 112, -89, 35
33647, 93, -93, 32
33682, 115, -129, 7
33700, 125, -144, -4
33720, 127, -148, -5
33739, 115, -156, -4
33758, 96, -158, 5
33777, 72, -150, 18
33796, 55, -150, 37
33815, 41, -162, 52
33833, 35, -167, 56
33853, 24, -169, 52
33872, 6, -154, 39
33909, 0, -136, 27
33929, 15, -128, 25
33947, 21, -126, 28
33977, 38, -124, 45
33996, 48, -125, 52
34015, 50, -126, 51
34034, 64, -134, 48
34053, 124, -164, 54
34072, 144, -175, 59
34092, 128, -173, 53
34110, 82, -144, 42
34129, 97, -140, 43
34152, 116, -146, 43
34222, 138, -135, 64
34241, 127, -102, 53
34259, 132, -77, 33
34279, 139, -73, 16
34298, 158, -79, -16
34317, 157, -55, -41
34336, 130, -28, -39
34355, 133, -42, -2
34374, 132, -54, 24
34394, 125, -59, 36
34412, 120, -57, 33
34432, 119, -58, 27
34451, 117, -63, 19
34469, 120, -79, 7
34489, 159, -100, 20
34507, 151, -97, 26
34527, 139, -100, 31
34546, 114, -94, 29
34565, 96, -105, 23
34584, 107, -121, 12
34603, 133, -153, 16
34622, 143, -183, 35
34641, 123, -193, 53
34664, 86, -193, 62
34683, 55, -179, 63
34718, 33, -162, 51
34738, 26, -167, 35
34757, 16, -149, 29
34777, 4, -137, 35
34796, 3, -138, 40
34816, 8, -138, 43
34835, 17, -138, 49
34854, 28, -140, 54
34874, 39, -140, 57
34914, 56, -128, 44
34933, 59, -117, 36
34953, 65, -116, 31
34972, 89, -125, 29
34992, 107, -135, 29
35011, 154, -164, 38
35031, 150, -165, 36
35050, 99, -127, 30
35069, 76, -113, 22
35089, 93, -116, 24
35108, 116, -133, 28
35129, 156, -153, 31
35159, 163, -122, 34
35182, 141, -75, 32
35202, 142, -69, 36
35236, 153, -80, 24
35256, 152, -78, 9
35275, 143, -75, 9
35295, 133, -76, 21
35314, 118, -71, 29
35334, 102, -60, 14
35353, 94, -50, 1
35373, 83, -48, -17
35392, 83, -52, -24
35411, 92, -86, -3
35431, 105, -127, 20
35450, 106, -146, 37
35470, 77, -169, 44
35489, 25, -241, 83
35509, -27, -250, 109
35529, -49, -227, 115
35549, -97, -186, 107
35568, -106, -169, 61
35588, -104, -129, 33
35607, -121, -99, 32
35627, -129, -86, 26
35646, -123, -87, 40
35680, -43, -126, 63
35701, 46, -180, 80
35738, 236, -301, 111
35760, 268, -281, 112
35782, 227, -168, 72
35804, 203, -121, 43
35825, 217, -79, -3
35847, 208, -53, -34
35868, 168, -35, -27
35910, 126, -32, 18
35932, 109, -31, 9
35953, 92, -26, -15
35975, 73, -21, -32
35996, 66, -28, -32
36019, 84, -51, -14
36040, 103, -70, 11
36062, 109, -88, 33
36083, 131, -131, 46
36105, 154, -187, 64
36126, 107, -247, 70
36148, 44, -258, 65
36169, 20, -201, 30
36191, 23, -152, -25
36212, -18, -112, 26
36239, -67, -109, 39
36260, -92, -98, 49
36297, -85, -90, 61
36319, -64, -98, 55
36340, -38, -103, 46
36372, 12, -122, 45
36393, 94, -180, 57
36416, 239, -249, 102
36438, 277, -275, 108
36459, 196, -207, 95
36481, 195, -161, 67
36502, 192, -116, 32
36524, 179, -87, -1
36545, 148, -52, -32
36567, 120, -16, -49
36588, 141, -42, -20
36611, 129, -52, 3
36632, 107, -49, 11
36654, 95, -42, 1
36675, 100, -30, -9
36697, 107, -40, -4
36718, 109, -54, 5
36740, 94, -63, 21
36761, 91, -71, 24
36787, 116, -93, 30
36808, 160, -118, 38
36830, 189, -143, 54
36867, 131, -159, 37
36888, 107, -167, 32
36911, 86, -161, 35
36953, 40, -146, 49
36974, 28, -146, 61
36996, 30, -159, 78
37017, 23, -164, 86
37039, 10, -163, 78
37060, 13, -154, 50
37082, 18, -146, 30
37103, 28, -143, 21
37125, 55, -157, 23
37146, 81, -163, 32
37168, 68, -154, 38
37189, 46, -139, 39
37212, 50, -128, 35
37233, 57, -121, 26
37255, 75, -124, 16
37276, 112, -142, 15
37298, 163, -165, 26
37319, 162, -162, 34
37345, 147, -150, 39
37366, 131, -133, 39
37388, 117, -119, 35
37426, 122, -99, 25
37447, 121, -85, 17
37469, 118, -73, 8
37490, 114, -66, 1
37512, 109, -64, 3
37533, 98, -66, 9
37555, 91, -67, 13
37577, 85, -64, 10
37599, 82, -64, 11
37620, 82, -66, 13
37652, 100, -81, 16
37673, 113, -83, 23
37695, 114, -91, 35
37718, 111, -97, 42
37739, 106, -106, 47
37761, 99, -112, 40
37782, 101, -128, 31
37804, 109, -132, 13
37825, 121, -138, 7
37847, 121, -144, 20
37868, 106, -144, 40
37891, 85, -141, 54
37916, 74, -137, 61
37938, 66, -137, 48
37995, 62, -114, 6
38017, 60, -117, 8
38038, 63, -121, 13
38060, 59, -122, 22
38081, 56, -126, 29
38103, 55, -129, 30
38124, 54, -130, 30
38146, 53, -130, 22
38167, 57, -127, 16
38189, 67, -131, 11
38210, 97, -149, 16
38232, 95, -144, 19
38253, 76, -135, 18
38275, 66, -122, 15
38297, 55, -117, 13
38319, 73, -122, 18
38340, 100, -132, 18
38362, 119, -146, 22
38383, 134, -151, 29
38405, 121, -138, 33
38426, 108, -127, 35
38448, 107, -118, 34
38473, 108, -114, 29
38495, 109, -107, 22
38516, 106, -98, 16
38553, 96, -81, 10
38575, 91, -74, 10
38596, 84, -68, 10
38618, 80, -66, 12
38639, 80, -65, 12
38661, 80, -69, 13
38682, 87, -77, 14
38704, 89, -82, 16
38726, 94, -89, 15
38748, 96, -95, 17
38769, 93, -96, 20
38791, 95, -103, 23
38812, 108, -105, 30
38834, 100, -111, 38
38855, 101, -122, 42
38877, 119, -139, 38
38898, 127, -162, 24
38930, 113, -155, 1
38951, 86, -126, -4
38973, 74, -112, 0
38994, 71, -107, 8
39041, 70, -106, 22
39063, 66, -102, 24
39085, 61, -99, 18
39158, 48, -90, -5
39180, 61, -95, -10
39201, 73, -107, -6
39223, 78, -118, 8
39244, 84, -127, 20
39266, 136, -161, 35
39287, 193, -204, 43
39309, 133, -170, 33
39330, 59, -111, 31
39352, 36, -85, 27
39373, 71, -96, 33
39396, 109, -120, 35
39417, 131, -129, 36
39439, 128, -125, 32
39460, 124, -116, 27
39482, 115, -106, 18
39503, 109, -98, 9
39525, 107, -92, 3
39546, 103, -88, 1
39568, 100, -88, 4
39589, 97, -83, 11
39611, 90, -82, 16
39636, 88, -78, 26
39658, 84, -76, 31
39680, 81, -73, 31
39716, 90, -76, 23
39738, 92, -77, 18
39759, 89, -77, 12
39781, 89, -80, 4
39803, 114, -84, 5
39825, 123, -92, 19
39846, 104, -98, 26
39868, 83, -96, 26
39889, 65, -94, 23
39911, 70, -96, 15
39932, 93, -112, 4
39954, 126, -140, 0
39975, 126, -142, 10
39997, 105, -133, 27
40019, 88, -124, 35
40041, 79, -117, 36
40062, 78, -110, 26
40104, 82, -112, 10
40126, 83, -112, 11
40147, 79, -114, 16
40169, 77, -121, 19
40190, 76, -124, 22
40216, 68, -121, 24
40238, 68, -125, 24
40285, 74, -122, 10
40306, 76, -117, 13
40328, 98, -126, 20
40350, 119, -145, 30
40372, 121, -149, 35
40393, 93, -129, 29
40415, 64, -100, 16
40436, 65, -89, 9
40458, 93, -95, 10
40479, 123, -116, 17
40501, 141, -131, 26
40522, 137, -134, 34
40544, 116, -118, 37
40565, 105, -106, 35
40587, 101, -97, 29
40608, 103, -90, 23
40630, 102, -84, 18
40651, 105, -84, 13
40673, 107, -83, 14
40694, 99, -80, 16
40716, 91, -77, 16
40737, 87, -72, 19
40763, 79, -67, 20
40784, 77, -66, 18
40806, 79, -67, 19
40843, 84, -72, 15
40864, 107, -81, 16
40886, 103, -89, 18
40907, 95, -87, 17
40929, 81, -96, 18
40950, 78, -106, 9
40972, 80, -113, -3
40993, 75, -113, -20
41015, 75, -113, -21
41036, 81, -122, -6
41058, 100, -147, 17
41079, 114, -166, 36
41101, 106, -170, 39
41143, 65, -127, 1
41164, 66, -118, -13
41186, 68, -116, -19
41207, 69, -114, -15
41229, 67, -117, -8
41250, 66, -123, 2
41272, 64, -124, 6
41293, 63, -124, 8
41315, 64, -121, 4
41340, 70, -117, 2
41362, 76, -116, 2
41383, 83, -118, 6
41420, 96, -126, 19
41442, 107, -130, 25
41463, 105, -129, 27
41485, 74, -106, 22
41506, 54, -88, 20
41528, 54, -83, 25
41560, 74, -95, 46
41581, 92, -111, 60
41603, 100, -115, 71
41624, 98, -104, 70
41646, 96, -89, 68
41667, 89, -82, 69
41689, 86, -88, 80
41710, 87, -94, 88
41732, 93, -100, 93
41753, 92, -90, 83
41775, 95, -86, 75
41796, 102, -89, 70
41818, 104, -84, 69
41839, 102, -82, 67
41861, 102, -84, 64
41882, 101, -83, 60
41908, 100, -83, 53
41929, 102, -85, 52
41967, 105, -90, 49
41989, 108, -91, 49
42010, 109, -94, 46
42032, 106, -94, 45
42053, 103, -93, 39
42075, 101, -91, 35
42096, 100, -90, 29
42118, 101, -90, 23
42139, 101, -89, 18
42181, 112, -87, 11
42203, 104, -83, 12
42224, 98, -80, 12
42246, 99, -89, 7
42267, 99, -99, -4
42289, 94, -95, -19
42310, 95, -102, -20
42332, 102, -109, -9
42353, 106, -118, -8
42376, 107, -120, -10
42397, 105, -126, -10
42419, 94, -124, -15
42440, 88, -118, -13
42465, 86, -113, -14
42486, 87, -112, -10
42508, 79, -108, -8
42544, 73, -103, 1
42565, 76, -103, 4
42587, 75, -99, 9
42607, 77, -96, 11
42629, 79, -97, 16
42650, 83, -99, 17
42671, 81, -99, 19
42692, 82, -101, 23
42714, 82, -100, 22
42734, 78, -98, 18
42756, 79, -96, 15
42777, 78, -95, 15
42798, 100, -108, 21
42846, 110, -130, 34
42867, 79, -115, 31
42889, 72, -96, 28
42910, 92, -101, 26
42931, 116, -123, 31
42952, 114, -128, 39
42974, 102, -117, 45
42995, 95, -111, 44
43020, 98, -105, 38
43041, 101, -100, 26
43062, 105, -99, 18
43099, 113, -99, 17
43120, 106, -93, 16
43142, 101, -86, 17
43162, 98, -85, 18
43184, 99, -84, 20
43227, 95, -77, 16
43247, 93, -73, 12
43269, 95, -72, 9
43290, 101, -77, 9
43311, 130, -92, 14
43332, 140, -102, 27
43354, 119, -100, 35
43374, 86, -91, 29
43396, 58, -83, 10
43417, 56, -80, -5
43438, 89, -102, -22
43459, 114, -123, -15
43481, 124, -131, 2
43501, 103, -125, 26
43523, 78, -124, 44
43544, 66, -108, 45
43565, 69, -101, 33
43590, 80, -98, 15
43612, 83, -99, 5
43633, 84, -102, 5
43671, 77, -107, 14
43693, 75, -115, 22
43714, 73, -126, 27
43736, 67, -135, 21
43757, 61, -139, 11
43780, 56, -139, 7
43801, 57, -138, 9
43823, 60, -137, 17
43844, 97, -156, 29
43866, 103, -157, 33
43887, 79, -134, 33
43910, 89, -123, 32
43931, 110, -125, 33
43953, 122, -128, 35
43974, 123, -125, 36
43996, 115, -113, 33
44017, 111, -106, 30
44040, 112, -102, 28
44061, 113, -99, 23
44083, 113, -96, 17
44114, 110, -90, 13
44140, 110, -89, 12
44162, 101, -81, 15
44183, 94, -77, 18
44278, 95, -72, 12
44300, 89, -72, 7
44321, 100, -82, 6
44343, 118, -86, 13
44364, 121, -99, 26
44386, 99, -94, 22
44407, 74, -88, 17
44430, 79, -94, 13
44451, 107, -118, 3
44473, 127, -134, -3
44494, 124, -132, -2
44516, 97, -124, 6
44537, 80, -120, 23
44559, 74, -118, 31
44580, 74, -121, 29
44602, 77, -120, 24
44623, 76, -120, 24
44646, 76, -124, 26
44667, 75, -129, 23
44689, 67, -125, 13
44710, 63, -118, 6
44732, 61, -115, 2
44758, 64, -115, 0
44779, 68, -119, -1
44801, 72, -124, 2
44837, 79, -138, 20
44859, 115, -159, 33
44880, 126, -169, 43
44902, 101, -154, 40
44923, 67, -117, 34
44945, 55, -99, 29
44967, 75, -102, 32
44989, 108, -119, 36
45010, 126, -127, 40
45032, 135, -129, 44
45053, 137, -127, 42
45075, 128, -116, 39
45096, 115, -103, 34
45118, 112, -94, 25
45139, 115, -88, 15
45161, 113, -78, 9
45182, 109, -74, 6
45204, 103, -68, 9
45225, 90, -63, 17
45248, 82, -62, 21
45291, 80, -71, 24
45317, 86, -79, 17
45338, 90, -81, 9
45360, 87, -82, 5
45396, 110, -98, 16
45418, 114, -107, 28
45440, 102, -116, 41
45471, 60, -118, 25
45494, 61, -130, -2
45515, 77, -131, -32
45537, 97, -134, -33
45558, 99, -138, -6
45580, 82, -138, 19
45601, 67, -134, 32
45623, 64, -127, 28
45644, 66, -110, 13
45666, 66, -102, 3
45687, 68, -101, 0
45709, 71, -100, 4
45730, 71, -103, 11
45752, 71, -107, 17
45774, 68, -103, 16
45796, 70, -102, 11
45817, 77, -102, 11
45839, 83, -109, 16
45860, 84, -115, 24
45886, 80, -115, 30
45907, 84, -118, 31
45929, 119, -128, 28
45966, 86, -116, 21
45988, 65, -103, 11
46010, 79, -103, 14
46031, 101, -116, 19
46053, 102, -123, 31
46074, 100, -123, 37
46096, 95, -117, 39
46118, 88, -107, 37
46140, 87, -103, 30
46161, 92, -101, 20
46183, 93, -96, 15
46204, 91, -94, 14
46226, 95, -95, 15
46247, 96, -93, 16
46269, 91, -88, 18
46312, 88, -80, 20
46334, 88, -78, 18
46356, 90, -81, 14
46377, 97, -88, 13
46399, 98, -92, 9
46420, 102, -97, 5
46442, 131, -113, 13
46468, 119, -108, 32
46489, 92, -97, 35
46526, 60, -92, 13
46547, 80, -97, -8
46569, 97, -108, -26
46590, 116, -119, -13
46613, 102, -118, 6
46635, 75, -118, 26
46656, 58, -114, 35
46678, 54, -110, 34
46699, 56, -100, 24
46721, 62, -99, 15
46752, 70, -106, 7
46774, 78, -109, 8
46795, 75, -108, 9
46817, 74, -107, 12
46838, 77, -111, 10
46860, 84, -117, 7
46881, 83, -118, 6
46903, 79, -121, 5
46924, 76, -124, 4
46946, 92, -136, 6
46967, 118, -148, 12
46989, 117, -160, 19
47015, 60, -130, 23
47037, 45, -104, 18
47058, 67, -104, 16
47094, 96, -121, 19
47117, 103, -128, 27
47138, 101, -128, 34
47160, 91, -118, 32
47181, 97, -114, 27
47203, 97, -110, 22
47224, 101, -108, 22
47246, 106, -109, 21
47267, 108, -105, 22
47289, 103, -98, 22
47332, 98, -89, 18
47353, 96, -80, 13
47375, 91, -74, 10
47396, 88, -71, 6
47418, 93, -76, 5
47439, 95, -76, 6
47461, 91, -77, 9
47482, 103, -87, 17
47504, 117, -89, 26
47525, 108, -98, 35
47547, 83, -93, 32
47568, 64, -97, 19
47595, 91, -113, -6
47617, 119, -128, -15
47653, 128, -131, -1
47675, 98, -128, 19
47696, 73, -126, 37
47718, 59, -117, 39
47739, 61, -112, 28
47761, 65, -111, 15
47782, 69, -112, 8
47804, 71, -114, 11
47825, 70, -118, 15
47847, 69, -124, 17
47868, 68, -126, 18
47890, 66, -126, 18
47911, 70, -130, 20
47933, 78, -137, 19
47955, 76, -134, 13
47977, 67, -126, 10
47998, 99, -135, 12
48030, 106, -142, 2
48052, 76, -124, 1
48073, 62, -113, 10
48095, 83, -123, 18
48116, 104, -133, 21
48143, 107, -133, 33
48164, 101, -126, 39
48186, 96, -118, 37
48223, 99, -111, 28
48244, 102, -108, 21
48266, 105, -101, 13
48287, 105, -96, 10
48309, 98, -88, 11
48352, 87, -76, 15
48373, 85, -74, 18
48395, 84, -71, 22
48416, 86, -72, 22
48438, 92, -73, 24
48459, 93, -76, 22
48481, 93, -79, 24
48502, 95, -83, 18
48524, 119, -91, 21
48545, 111, -99, 27
48567, 93, -96, 25
48588, 74, -102, 15
48610, 84, -110, 1
48631, 100, -124, -11
48654, 124, -142, -11
48675, 121, -148, -1
48697, 90, -141, 16
48722, 61, -127, 27
48744, 59, -116, 21
48781, 62, -106, 7
48802, 63, -105, 3
48824, 68, -109, 5
48845, 65, -112, 6
48867, 64, -112, 9
48888, 63, -115, 9
48910, 66, -119, 7
48931, 72, -125, 7
48953, 79, -130, 8
48974, 78, -130, 13
48997, 75, -128, 18
49018, 104, -140, 26
49040, 128, -162, 29
49061, 86, -129, 23
49083, 63, -110, 21
49104, 83, -111, 24
49126, 105, -121, 26
49147, 113, -126, 31
49169, 108, -121, 35
49190, 104, -115, 38
49212, 103, -110, 35
49233, 103, -104, 29
49259, 103, -97, 16
49281, 105, -91, 8
49313, 101, -84, 4
49405, 81, -69, 19
49428, 85, -74, 22
49449, 92, -84, 24
49471, 97, -87, 24
49492, 90, -83, 24
49514, 93, -89, 22
49536, 116, -89, 25
49557, 126, -101, 32
49579, 95, -101, 31
49600, 80, -108, 18
49622, 96, -119, 0
49643, 108, -125, -20
49665, 116, -129, -25
49686, 112, -129, -13
49708, 90, -121, 7
49729, 67, -121, 25
49751, 62, -117, 34
49772, 65, -114, 32
49794, 67, -109, 25
49815, 67, -101, 18
49837, 73, -111, 17
49858, 79, -115, 18
49884, 76, -116, 15
49905, 73, -113, 8
49942, 78, -117, 2
49964, 83, -122, 6
49985, 79, -123, 9
50007, 78, -122, 16
50028, 117, -134, 26
50050, 136, -163, 30
50072, 102, -137, 28
50094, 70, -113, 22
50115, 56, -92, 12
50137, 91, -104, 19
50158, 99, -114, 30
50180, 109, -123, 42
50201, 113, -126, 55
50223, 117, -126, 57
50244, 117, -118, 52
50266, 111, -110, 41
50287, 110, -104, 31
50309, 109, -95, 23
50330, 108, -84, 11
50352, 104, -75, 4
50373, 102, -67, 2
50416, 88, -59, 5
50442, 83, -61, 9
50463, 83, -66, 15
50485, 86, -73, 19
50522, 102, -92, 26
50543, 127, -104, 27
50565, 137, -119, 33
50586, 110, -118, 34
50608, 78, -111, 26
50629, 57, -108, 4
50662, 65, -107, -40
50683, 84, -105, -51
50705, 102, -133, -17
50726, 101, -148, 16
50748, 88, -158, 42
50769, 73, -145, 43
50791, 63, -129, 22
50812, 64, -118, -7
50834, 67, -107, -28
50855, 70, -101, -32
50877, 74, -106, -28
50898, 75, -114, -18
50920, 67, -127, 0
50941, 58, -131, 11
50963, 50, -127, 19
50989, 53, -125, 15
51010, 61, -127, 6
51032, 67, -129, -1
51068, 74, -132, 2
51090, 82, -136, 9
51111, 102, -150, 19
51133, 97, -146, 25
51154, 71, -127, 34
51176, 70, -120, 44
51197, 87, -125, 56
51219, 102, -130, 66
51241, 112, -128, 85
51263, 101, -107, 96
51284, 100, -95, 100
51306, 122, -109, 88
51328, 140, -99, 65
51349, 128, -80, 50
51371, 122, -79, 54
51392, 121, -89, 61
51435, 124, -98, 66
51457, 120, -83, 50
51478, 126, -78, 30
51500, 127, -62, -4
51521, 100, -36, -31
51543, 78, -45, -27
51562, 91, -56, -22
51584, 108, -81, -12
51604, 134, -107, 14
51641, 101, -106, 19
51662, 88, -107, 10
51683, 91, -113, -6
51704, 97, -121, -25
51726, 100, -134, -32
51746, 101, -139, -31
51768, 94, -139, -18
51789, 83, -151, -10
51810, 85, -154, -10
51831, 89, -161, -11
51853, 84, -159, -9
51873, 75, -157, -5
51895, 66, -154, -2
51927, 59, -142, -1
51947, 58, -132, -1
51969, 64, -128, 4
51990, 69, -127, 11
52011, 68, -122, 17
52032, 67, -116, 25
52054, 65, -115, 31
52078, 64, -114, 45
52100, 65, -117, 56
52121, 75, -118, 55
52142, 85, -118, 66
52163, 83, -123, 67
52199, 81, -92, 46
52220, 85, -78, 40
52242, 96, -90, 59
52262, 136, -112, 87
52284, 181, -126, 115
52305, 193, -133, 117
52327, 189, -87, 89
52347, 172, -25, 60
52369, 196, -34, 24
52390, 198, -61, 2
52411, 178, -54, 0
52456, 131, -52, -26
52476, 111, -55, -26
52498, 96, -76, -9
52519, 84, -86, 2
52540, 63, -89, 8
52561, 47, -87, 8
52583, 41, -90, 8
52603, 45, -103, 12
52625, 65, -130, 13
52651, 71, -170, 28
52672, 63, -184, 50
52694, 51, -198, 66
52715, 35, -206, 68
52752, -14, -172, 49
52773, -31, -142, 29
52795, -45, -122, 22
52816, -55, -115, 22
52838, -60, -110, 24
52860, -55, -101, 27
52882, -35, -99, 30
52903, -2, -114, 31
52925, 58, -145, 44
52946, 139, -186, 64
52968, 210, -230, 84
52990, 233, -170, 114
53012, 228, -120, 121
53033, 275, -179, 102
53055, 301, -152, 7
53076, 225, -18, -68
53098, 156, 11, -84
53120, 135, -22, -34
53142, 98, -43, 1
53164, 66, -51, 13
53199, 35, -58, -2
53221, 33, -60, -15
53242, 37, -63, -25
53264, 56, -88, -15
53285, 75, -118, 7
53322, 125, -212, 56
53344, 120, -238, 64
53366, 78, -243, 67
53388, 33, -216, 59
53409, 9, -180, 26
53453, -47, -128, -23
53475, -60, -124, 2
53496, -80, -117, 36
53518, -87, -92, 27
53539, -69, -79, 13
53561, -18, -96, 27
53582, 74, -154, 65
53604, 197, -217, 90
53626, 229, -225, 98
53648, 182, -167, 115
53669, 177, -153, 107
53691, 213, -145, 63
53712, 219, -99, -10
53734, 165, -45, -24
53760, 136, -26, -19
53782, 120, -26, -16
53804, 86, -30, -18
53825, 56, -20, -28
53847, 35, -23, -31
53883, 41, -62, -26
53905, 78, -110, 1
53926, 121, -160, 33
53948, 144, -205, 65
53969, 155, -243, 78
53992, 108, -239, 63
54013, 60, -206, 14
54035, 35, -183, -8
54056, -8, -142, -10
54078, -57, -119, 8
54099, -86, -106, 18
54121, -86, -94, 29
54142, -79, -86, 30
54164, -76, -77, 24
54187, -59, -76, 19
54208, -27, -91, 15
54230, 20, -132, 27
54251, 111, -218, 66
54273, 182, -258, 80
54298, 238, -266, 77
54320, 235, -204, 65
54341, 213, -162, 57
54363, 225, -125, 33
54385, 214, -71, -8
54429, 163, 2, -9
54505, 91, -2, -45
54526, 85, -32, -29
54558, 91, -85, 6
54580, 101, -118, 30
54601, 104, -146, 39
54623, 117, -202, 34
54644, 114, -236, 27
54666, 80, -246, 31
54687, 50, -234, 36
54709, 28, -212, 42
54730, -13, -189, 44
54753, -51, -167, 35
54774, -62, -139, 24
54796, -63, -116, 11
54817, -67, -103, 6
54839, -64, -96, 12
54860, -57, -89, 20
54882, -13, -103, 21
54907, 32, -136, 24
54929, 93, -182, 38
54950, 164, -222, 63
54972, 196, -224, 78
54993, 185, -183, 85
55016, 206, -137, 74
55053, 197, -94, 29
55074, 177, -60, -8
55096, 154, -40, -25
55117, 146, -26, -24
55139, 128, -28, -8
55160, 91, -33, 9
55182, 65, -38, 10
55204, 62, -49, 4
55226, 64, -64, 1
55247, 80, -81, 3
55269, 107, -94, 13
55290, 134, -128, 24
55312, 161, -171, 35
55333, 168, -199, 38
55355, 144, -233, 51
55376, 95, -245, 60
55398, 22, -227, 40
55420, -18, -194, -2
55469, -62, -164, 26
55490, -92, -159, 34
55512, -90, -141, 45
55533, -53, -124, 29
55555, -19, -111, 19
55576, 19, -126, 19
55598, 72, -158, 33
55634, 163, -213, 64
55656, 241, -249, 80
55677, 236, -194, 94
55699, 212, -128, 84
55720, 231, -111, 66
55742, 222, -80, 35
55764, 182, -48, 7
55786, 167, -46, 0
55808, 160, -44, -1
55839, 116, -43, -2
55861, 92, -48, -4
55882, 78, -56, -11
55904, 77, -57, -29
55925, 75, -75, -29
55947, 65, -99, -15
55968, 38, -143, 9
55990, 28, -200, 28
56015, 27, -225, 21
56037, -7, -236, 18
56058, -45, -234, 22
56080, -78, -202, 15
56102, -100, -165, 3
56124, -110, -144, 29
56145, -126, -127, 44
56182, -115, -99, 54
56204, -99, -96, 66
56226, -67, -96, 68
56248, -18, -123, 67
56269, 51, -179, 66
56291, 132, -227, 54
56312, 168, -248, 52
56334, 187, -245, 66
56356, 182, -189, 68
56378, 168, -164, 73
56399, 165, -131, 52
56421, 147, -93, 22
56442, 103, -51, -19
56487, 65, -35, -36
56509, 44, -38, -33
56530, 26, -49, -33
56552, 26, -59, -34
56579, 45, -114, 15
56600, 9, -168, 56
56622, -39, -215, 78
56643, -60, -266, 82
56665, -91, -258, 89
56686, -106, -222, 79
56708, -105, -183, 64
56730, -109, -148, 68
56767, -115, -92, 63
56788, -101, -84, 54
56810, -91, -83, 50
56832, -78, -80, 47
56853, -55, -88, 42
56875, -2, -126, 41
56896, 82, -190, 55
56918, 179, -243, 67
56939, 184, -268, 71
56961, 191, -214, 58
56982, 178, -171, 59
57004, 149, -130, 61
57025, 113, -96, 49
57047, 85, -72, 29
57069, 69, -55, 5
57095, 53, -43, -22
57126, 23, -48, -27
57148, 17, -61, -21
57169, 12, -91, 1
57191, 18, -128, 7
57212, 9, -159, 28
57234, -60, -177, 59
57255, -115, -204, 85
57277, -116, -238, 108
57314, -111, -194, 102
57335, -87, -160, 68
57357, -75, -136, 59
57378, -69, -128, 51
57401, -71, -109, 47
57422, -78, -85, 37
57444, -72, -70, 29
57504, 35, -161, 36
57526, 112, -207, 45
57548, 176, -247, 60
57570, 166, -249, 74
57591, 152, -196, 70
57613, 138, -155, 67
57634, 116, -120, 50
57656, 88, -89, 30
57681, 65, -74, 7
57703, 56, -68, -14
57724, 28, -52, -30
57746, 12, -48, -22
57767, 10, -67, -26
57789, 11, -91, -21
57810, 0, -129, 22
57832, -40, -139, 68
57853, -103, -165, 98
57876, -123, -212, 105
57913, -115, -171, 96
57934, -94, -121, 56
57956, -80, -132, 63
57977, -89, -133, 66
57999, -96, -102, 61
58020, -103, -82, 55
58042, -95, -75, 50
58063, -73, -85, 43
58085, -43, -103, 42
58106, -1, -135, 36
58128, 115, -196, 47
58149, 170, -225, 50
58171, 154, -235, 65
58192, 152, -203, 74
58218, 147, -178, 80
58240, 119, -137, 74
58261, 80, -99, 48
58283, 44, -64, 7
58304, 38, -51, -24
58326, 27, -44, -37
58347, 14, -59, -30
58369, 7, -75, -17
58390, 6, -86, -9
58422, -1, -123, 29
58460, -56, -201, 87
58504, -100, -239, 115
58525, -92, -225, 106
58547, -83, -190, 92
58568, -81, -155, 84
58590, -84, -124, 57
58611, -87, -105, 39
58633, -73, -94, 29
58655, -67, -91, 17
58677, -58, -98, 17
58698, -39, -111, 17
58720, -1, -146, 16
58741, 65, -191, 37
58763, 138, -222, 59
58788, 138, -240, 73
58810, 138, -198, 72
58831, 139, -163, 66
58853, 117, -126, 55
58875, 94, -102, 29
58897, 72, -78, 2
58918, 52, -59, -18
58940, 42, -50, -28
58961, 35, -56, -24
58983, 17, -65, -13
59004, 2, -70, -7
59041, 4, -108, 3
59063, 2, -147, 34
59084, -17, -199, 75
59106, -39, -265, 93
59127, -65, -273, 93
59149, -58, -240, 81
59170, -66, -212, 54
59192, -82, -153, 55
59214, -94, -133, 60
59236, -103, -107, 59
59257, -101, -89, 56
59279, -92, -84, 46
59300, -78, -79, 31
59326, -65, -83, 20
59347, -24, -127, 33
59369, 30, -176, 46
59390, 111, -219, 50
59412, 157, -252, 61
59433, 157, -242, 74
59520, 100, -78, 33
59541, 83, -55, 1
59564, 76, -38, -33
59585, 67, -32, -43
59607, 48, -52, -24
59643, 25, -89, 3
59665, 17, -117, 14
59686, 10, -138, 22
59708, 13, -166, 23
59729, 23, -248, 45
59751, -2, -307, 77
59784, -43, -275, 71
59805, -43, -206, 35
59827, -43, -148, -3
59848, -41, -99, -12
59870, -52, -72, -7
59891, -63, -61, 4
59913, -62, -65, 21
59938, -59, -74, 28
59960, -53, -70, 23
59981, -45, -71, 16
60003, -34, -76, 13
60024, -10, -127, 37
60046, 41, -213, 59
60067, 94, -293, 90
60089, 109, -288, 79
60110, 82, -234, 56
60132, 47, -172, 57
60153, 64, -150, 49
60175, 80, -136, 38
60212, 69, -109, 24
60233, 74, -99, 15
60255, 80, -89, 9
60276, 71, -79, 4
60298, 67, -73, 4
60319, 63, -66, 4
60341, 62, -64, 7
60362, 60, -65, 10
60384, 65, -74, 18
60405, 72, -82, 24
60427, 72, -85, 26
60448, 75, -88, 25
60470, 84, -90, 23
60518, 105, -103, 20
60538, 135, -119, 26
60560, 157, -127, 41
60581, 150, -129, 56
60602, 143, -135, 64
60623, 140, -143, 62
60645, 126, -140, 48
60666, 124, -154, 25
60687, 126, -151, 11
60708, 123, -142, 22
60730, 114, -144, 40
60766, 81, -138, 44
60787, 70, -126, 39
60809, 66, -117, 36
60829, 64, -105, 27
60851, 63, -100, 14
60872, 66, -97, 7
60893, 66, -94, 2
60914, 64, -87, -2
60935, 61, -90, 0
60956, 63, -96, 9
60978, 70, -105, 16
60998, 74, -113, 18
61020, 80, -121, 17
61051, 90, -129, 13
61071, 94, -131, 8
61091, 115, -138, 3
61113, 118, -142, 10
61134, 102, -135, 13
61155, 89, -124, 15
61176, 76, -116, 13
61198, 68, -108, 7
61218, 103, -120, 10
61240, 128, -130, 14
61261, 137, -139, 21
61282, 138, -146, 26
61319, 138, -142, 29
61340, 123, -129, 33
61362, 116, -120, 37
61383, 116, -114, 32
61405, 118, -108, 27
61425, 110, -91, 14
61447, 105, -82, 9
61468, 102, -77, 4
61490, 97, -71, 4
61535, 88, -66, 4
61556, 89, -70, 9
61578, 90, -74, 10
61598, 86, -76, 11
61624, 84, -75, 9
61646, 102, -77, 15
61668, 110, -82, 23
61689, 104, -90, 32
61711, 89, -96, 31
61732, 70, -94, 22
61754, 70, -100, 12
61776, 94, -110, -3
61798, 143, -144, -6
61819, 149, -163, 1
61841, 125, -157, 23
61862, 99, -152, 47
61899, 78, -145, 48
61921, 81, -144, 32
61942, 79, -131, 9
61965, 74, -128, 5
61986, 65, -130, 4
62008, 60, -131, 8
62029, 51, -132, 14
62051, 44, -133, 25
62072, 41, -134, 29
62094, 45, -133, 30
62115, 53, -131, 27
62137, 62, -130, 24
62159, 93, -142, 23
62185, 138, -162, 32
62206, 107, -141, 30
62228, 73, -112, 25
62249, 53, -93, 14
62271, 53, -92, 10
62292, 80, -103, 8
62324, 140, -148, 22
62346, 138, -144, 30
62368, 117, -131, 41
62390, 106, -123, 44
62411, 105, -117, 42
62448, 107, -108, 33
62470, 108, -97, 24
62515, 104, -86, 15
62536, 98, -78, 14
62558, 94, -74, 13
62579, 92, -72, 15
62601, 91, -73, 15
62623, 94, -76, 16
62645, 94, -79, 15
62666, 92, -80, 19
62688, 89, -80, 21
62709, 104, -92, 24
62731, 116, -94, 29
62756, 103, -94, 33
62778, 94, -93, 32
62799, 71, -87, 21
62821, 86, -99, 0
62842, 107, -114, -11
62864, 126, -126, -7
62885, 129, -136, 2
62908, 110, -135, 13
62929, 89, -128, 18
62951, 74, -116, 16
62972, 70, -111, 14
62994, 71, -112, 11
63031, 81, -116, 10
63052, 79, -120, 13
63074, 76, -124, 13
63095, 72, -123, 10
63117, 68, -122, 9
63139, 67, -123, 8
63161, 69, -124, 8
63182, 72, -127, 7
63204, 74, -127, 12
63225, 88, -131, 17
63247, 116, -145, 22
63268, 121, -152, 27
63290, 100, -134, 27
63315, 74, -115, 25
63337, 54, -97, 17
63358, 78, -102, 12
63381, 106, -118, 17
63403, 128, -133, 29
63424, 130, -137, 39
63470, 112, -125, 48
63492, 107, -115, 42
63513, 104, -108, 34
63535, 108, -100, 22
63556, 109, -96, 17
63593, 106, -87, 14
63616, 103, -82, 12
63647, 100, -78, 12
63669, 93, -75, 15
63690, 94, -76, 16
63712, 94, -76, 16
63733, 94, -75, 16
63756, 91, -73, 16
63777, 92, -78, 15
63799, 115, -86, 20
63820, 108, -89, 22
63842, 106, -93, 24
63863, 94, -96, 19
63889, 74, -102, 5
63910, 84, -113, -5
63933, 101, -124, -11
63954, 117, -132, -1
63976, 125, -144, 19
63997, 110, -147, 40
64019, 89, -147, 50
64040, 70, -129, 30
64062, 69, -118, 11
64084, 71, -113, 0
64106, 71, -109, 0
64128, 68, -110, 4
64199, 58, -120, 18
64221, 56, -119, 20
64242, 60, -126, 21
64265, 68, -128, 17
64286, 76, -129, 14
64308, 87, -131, 13
64329, 125, -149, 21
64351, 137, -165, 30
64372, 98, -136, 26
64394, 62, -102, 17
64415, 51, -95, 8
64437, 82, -105, 7
64487, 139, -142, 26
64508, 131, -136, 32
64530, 118, -129, 37
64551, 109, -119, 36
64573, 106, -110, 30
64594, 105, -105, 22
64616, 110, -99, 14
64637, 107, -91, 10
64659, 101, -83, 6
64680, 97, -78, 5
64702, 85, -67, 3
64724, 77, -62, 4
64760, 76, -64, 4
64782, 79, -66, 6
64804, 83, -69, 10
64826, 83, -71, 14
64847, 83, -78, 19
64869, 114, -92, 31
64890, 124, -107, 39
64912, 123, -113, 40
64933, 104, -113, 32
64965, 90, -110, 10
64987, 106, -117, -2
65008, 124, -121, -1
65031, 129, -129, 13
65056, 113, -134, 42
65078, 94, -132, 54
65099, 80, -125, 53
65121, 78, -116, 42
65142, 80, -108, 24
65164, 81, -103, 13
65185, 80, -100, 12
65207, 79, -103, 14
65228, 77, -109, 12
65250, 77, -112, 10
65271, 70, -111, 7
65293, 67, -118, 7
65330, 72, -127, 11
65351, 73, -126, 17
65373, 80, -127, 21
65394, 106, -133, 27
65416, 106, -141, 27
65437, 96, -129, 15
65483, 66, -93, -16
65505, 56, -91, -12
65526, 73, -102, -5
65548, 121, -128, 0
65569, 159, -152, 11
65591, 151, -151, 22
65616, 109, -127, 33
65638, 95, -113, 29
65659, 96, -105, 22
65681, 97, -96, 11
65702, 98, -92, 5
65724, 105, -88, 1
65745, 105, -87, -1
65767, 95, -78, 2
65788, 88, -74, 6
65810, 81, -72, 9
65831, 81, -71, 12
65853, 85, -74, 13
65891, 92, -82, 16
65912, 93, -89, 20
65934, 112, -97, 24
65955, 124, -102, 30
65977, 122, -112, 33
65998, 94, -105, 28
66021, 69, -103, 18
66042, 67, -105, 4
66064, 80, -106, -11
66085, 107, -122, -18
66107, 117, -134, -18
66128, 94, -134, -1
66150, 66, -137, 34
66177, 57, -137, 42
66198, 60, -135, 35
66220, 58, -125, 17
66251, 59, -116, -1
66273, 61, -114, -8
66294, 59, -106, -12
66317, 57, -106, -6
66338, 56, -113, -3
66360, 59, -121, 2
66381, 62, -129, 5
66403, 64, -132, 6
66463, 95, -147, 14
66485, 78, -142, 11
66506, 74, -134, 14
66528, 68, -131, 13
66549, 55, -118, 10
66572, 54, -117, 4
66593, 79, -126, 0
66615, 110, -138, -1
66636, 122, -140, 1
66658, 114, -130, 4
66679, 96, -115, 11
66701, 83, -105, 18
66722, 84, -104, 20
66748, 87, -101, 19
66769, 81, -94, 16
66791, 81, -90, 13
66812, 83, -92, 13
66834, 81, -90, 14
66855, 76, -86, 15
66877, 73, -85, 11
66898, 78, -84, 9
66920, 85, -85, 6
66941, 91, -89, 7
66963, 93, -92, 8
66984, 101, -100, 8
67021, 125, -111, 24
67043, 101, -114, 26
67065, 74, -106, 22
67087, 62, -108, 11
67108, 81, -111, -4
67130, 105, -130, -19
67151, 118, -142, -17
67173, 99, -132, -4
67194, 63, -125, 20
67216, 57, -117, 27
67237, 60, -113, 26
67259, 63, -110, 17
67280, 69, -111, 10
67306, 72, -111, 7
67328, 73, -111, 6
67349, 73, -110, -3
67371, 70, -109, -12
67416, 60, -111, -12
67437, 59, -116, 0
67460, 62, -121, 7
67481, 62, -120, 12
67503, 69, -124, 22
67524, 101, -139, 28
67556, 106, -145, 33
67593, 82, -118, 27
67614, 66, -101, 20
67636, 62, -95, 12
67657, 77, -97, 6
67679, 107, -111, 3
67700, 132, -128, 5
67722, 126, -128, 10
67743, 110, -119, 16
67765, 97, -113, 24
67786, 89, -104, 27
67808, 89, -102, 28
67829, 90, -99, 25
67851, 88, -93, 20
67872, 87, -87, 18
67898, 90, -84, 13
67919, 84, -78, 10
67941, 78, -73, 7
67962, 75, -71, 6
67984, 79, -74, 6
68005, 84, -77, 6
68027, 87, -83, 10
68048, 86, -85, 13
68070, 87, -86, 16
68091, 108, -101, 22
68114, 132, -112, 30
68151, 114, -125, 39
68172, 86, -116, 30
68194, 61, -104, 14
68215, 64, -97, -5
68237, 86, -111, -14
68258, 113, -128, -10
68280, 114, -134, 17
68302, 92, -128, 36
68324, 76, -120, 45
68345, 69, -108, 36
68367, 72, -100, 21
68412, 76, -89, 3
68433, 78, -86, 1
68455, 80, -90, 1
68481, 78, -94, 2
68502, 74, -95, 7
68524, 71, -97, 9
68545, 75, -104, 11
68567, 79, -114, 13
68588, 81, -118, 17
68610, 86, -122, 23
68631, 124, -145, 32
68653, 120, -145, 34
68674, 98, -128, 31
68697, 85, -110, 26
68732, 62, -89, 12
68754, 68, -87, 8
68776, 118, -114, 17
68798, 132, -128, 24
68819, 125, -128, 29
68851, 108, -114, 31
68873, 101, -105, 31
68894, 102, -99, 27
68916, 104, -98, 23
68937, 103, -93, 15
68959, 99, -88, 13
68980, 97, -84, 14
69002, 97, -81, 17
69027, 89, -76, 20
69049, 85, -72, 21
69070, 82, -71, 17
69092, 80, -69, 22
69113, 85, -72, 11
69135, 89, -75, 14
69156, 87, -78, 8
69178, 110, -86, 9
69199, 123, -94, 14
69221, 118, -104, 26
69242, 97, -109, 28
69316, 66, -107, -10
69338, 86, -113, -11
69359, 112, -129, 6
69381, 120, -140, 27
69427, 90, -135, 40
69448, 71, -120, 30
69470, 72, -113, 15
69491, 73, -109, 2
69513, 74, -104, -4
69534, 70, -101, 1
69556, 64, -100, 7
69577, 63, -105, 15
69599, 63, -110, 21
69620, 61, -106, 20
69645, 54, -105, 25
69666, 56, -111, 24
69688, 61, -114, 18
69708, 74, -122, 14
69730, 97, -132, 17
69751, 90, -131, 22
69773, 74, -124, 28
69793, 78, -123, 31
69815, 82, -125, 32
69836, 81, -124, 30
69857, 93, -129, 29
69894, 127, -153, 39
69915, 115, -138, 41
69936, 95, -123, 40
69957, 81, -116, 48
69979, 80, -117, 50
69999, 79, -109, 41
70021, 76, -98, 33
70042, 71, -99, 44
70063, 66, -100, 60
70084, 60, -96, 64
70106, 53, -96, 68
70126, 48, -98, 82
70158, 47, -97, 84
70179, 43, -88, 81
70204, 38, -75, 79
70225, 32, -76, 90
70247, 22, -69, 101
70268, 11, -71, 110
70289, 13, -77, 103
70310, 18, -55, 82
70332, 12, -54, 78
70378, 7, -57, 89
70398, 2, -56, 93
70420, 3, -53, 92
70457, 0, -54, 85
70477, 1, -57, 91
70499, 6, -57, 90
70520, 5, -62, 77
70541, -5, -65, 88
70562, -9, -68, 96
70584, -5, -64, 86
70604, -12, -64, 74
70626, -17, -80, 88
70647, -17, -78, 94
70669, -10, -72, 72
70689, -17, -65, 60
70711, -21, -79, 79
70732, -26, -95, 102
70753, -25, -90, 98
70778, -22, -83, 78
70800, -21, -75, 65
70821, -26, -78, 73
70843, -34, -84, 76
70865, -24, -87, 68
70887, -38, -88, 74
70908, -39, -94, 82
70930, -41, -92, 67
70951, -36, -92, 59
70973, -33, -84, 86
71010, -36, -92, 76
71031, -26, -92, 65
71054, -37, -84, 74
71075, -41, -90, 75
71097, -35, -97, 73
71118, -39, -97, 77
71140, -46, -100, 76
