2376, 107, -110, 23
2430, 64, -84, -7
2450, 63, -75, -20
2469, 67, -71, -26
2489, 81, -79, -18
2508, 99, -97, -1
2528, 106, -117, 25
2547, 104, -126, 36
2567, 88, -126, 45
2586, 70, -120, 41
2606, 61, -114, 28
2625, 57, -111, 9
2644, 53, -105, 0
2664, 50, -106, 0
2683, 50, -112, 2
2703, 49, -118, 9
2722, 48, -123, 16
2742, 46, -129, 25
2761, 50, -132, 33
2781, 52, -135, 32
2800, 51, -135, 26
2821, 53, -133, 18
2840, 53, -128, 12
2874, 86, -145, 1
2893, 102, -162, 4
2913, 95, -160, 3
2936, 68, -141, 2
2956, 67, -137, 7
2975, 85, -144, 9
2995, 106, -155, 13
3015, 116, -158, 18
3035, 116, -154, 28
3054, 113, -150, 29
3074, 107, -139, 31
3093, 104, -128, 29
3112, 110, -114, 15
3132, 117, -93, 0
3151, 112, -66, -12
3171, 108, -48, -13
3190, 114, -55, 0
3210, 119, -67, 14
3229, 117, -67, 16
3249, 116, -64, 19
3293, 110, -67, 0
3312, 107, -67, -4
3332, 105, -73, -9
3351, 107, -79, -6
3371, 118, -97, -7
3449, 110, -140, 39
3469, 95, -146, 26
3488, 94, -147, 16
3508, 94, -150, -9
3531, 95, -149, -25
3551, 74, -135, -10
3581, 63, -126, 8
3601, 59, -126, 22
3620, 58, -125, 28
3640, 57, -126, 26
3659, 55, -123, 21
3679, 50, -116, 16
3698, 47, -116, 4
3718, 47, -117, -5
3737, 52, -122, -9
3757, 54, -123, -7
3776, 57, -127, -3
3795, 59, -127, 2
3815, 54, -123, 3
3834, 57, -127, 6
3855, 67, -133, 6
3874, 75, -133, 4
3894, 99, -142, 5
3913, 114, -152, 12
3948, 99, -145, 18
3968, 78, -130, 14
3987, 79, -117, 15
4006, 86, -121, 19
4026, 95, -128, 22
4045, 118, -143, 26
4069, 118, -140, 28
4088, 110, -127, 34
4108, 110, -126, 35
4127, 114, -128, 32
4147, 118, -128, 29
4166, 114, -118, 22
4211, 109, -96, 10
4231, 102, -78, 3
4250, 92, -63, 4
4270, 95, -61, 4
4289, 100, -64, 0
4308, 100, -63, -9
4328, 98, -61, -17
4347, 97, -65, -17
4367, 96, -73, -11
4386, 96, -77, -7
4406, 93, -80, 0
4425, 120, -104, 8
4446, 128, -124, 30
4481, 114, -131, 54
4500, 85, -127, 46
4519, 83, -130, 31
4539, 97, -142, 6
4558, 114, -151, -18
4578, 128, -158, -22
4601, 111, -152, -6
4621, 87, -149, 10
4640, 67, -145, 17
4660, 54, -139, 22
4679, 47, -128, 30
4699, 48, -125, 30
4718, 52, -127, 26
4749, 62, -125, 11
4768, 60, -116, 3
4788, 56, -110, 1
4807, 53, -108, 2
4827, 52, -111, 3
4846, 53, -114, 5
4866, 60, -117, 4
4885, 65, -121, 1
4904, 69, -124, 1
4924, 69, -124, 2
4943, 108, -147, 9
4978, 111, -166, 21
4998, 96, -159, 25
5017, 65, -135, 33
5037, 64, -123, 28
5056, 85, -125, 12
5100, 113, -127, 7
5120, 117, -128, 18
5139, 118, -127, 28
5163, 124, -132, 32
5182, 118, -128, 35
5201, 112, -115, 31
5221, 106, -111, 27
5240, 107, -107, 23
5260, 101, -100, 22
5279, 96, -90, 22
5299, 93, -85, 21
5318, 95, -83, 20
5338, 89, -77, 19
5357, 82, -70, 17
5377, 78, -67, 15
5396, 80, -68, 11
5415, 81, -72, 7
5435, 82, -72, 3
5454, 97, -86, 2
5474, 118, -97, 6
5509, 110, -102, 15
5528, 97, -104, 15
5548, 85, -117, 9
5567, 88, -121, -1
5586, 94, -126, -5
5606, 105, -137, -17
5625, 120, -156, -19
5645, 120, -170, -20
5664, 98, -166, -10
5688, 70, -154, 3
5707, 57, -145, 14
5727, 54, -141, 7
5746, 55, -136, -1
5766, 57, -129, -4
5785, 56, -127, -1
5805, 54, -127, 0
5824, 54, -126, 1
5843, 55, -125, 0
5863, 60, -124, 1
5882, 61, -119, 7
5912, 66, -114, 11
5957, 67, -107, 18
5977, 64, -105, 29
5996, 83, -123, 38
6031, 109, -142, 42
6050, 90, -128, 29
6070, 63, -105, 19
6089, 67, -112, 15
6109, 88, -131, 31
6128, 91, -143, 56
6148, 88, -140, 67
6167, 99, -143, 65
6187, 102, -140, 61
6206, 101, -130, 53
6230, 98, -121, 35
6249, 106, -120, 22
6268, 107, -117, 16
6288, 104, -105, 8
6307, 100, -97, 5
6327, 102, -97, 5
6346, 98, -91, 6
6366, 90, -85, 10
6385, 88, -82, 14
6405, 84, -77, 16
6424, 83, -75, 15
6444, 85, -70, 9
6463, 88, -70, -4
6482, 91, -80, -6
6502, 90, -86, 1
6537, 110, -112, 17
6556, 105, -116, 37
6576, 87, -116, 47
6595, 68, -115, 43
6615, 67, -120, 29
6634, 84, -128, 10
6653, 102, -138, -8
6673, 109, -140, -18
6692, 106, -137, -19
6713, 96, -128, -11
6732, 84, -125, -3
6756, 77, -125, 0
6775, 74, -127, 4
6819, 66, -134, 12
6839, 58, -132, 12
6858, 53, -130, 12
6878, 49, -129, 13
6897, 48, -128, 11
6917, 52, -129, 7
6936, 53, -129, 8
6956, 49, -126, 6
6975, 49, -129, 8
6994, 55, -137, 8
7014, 58, -136, 7
7048, 109, -162, 16
7067, 109, -163, 21
7087, 90, -151, 23
7117, 62, -124, 13
7137, 55, -113, 6
7156, 81, -121, 5
7176, 109, -135, 7
7195, 129, -146, 16
7215, 128, -144, 26
7234, 117, -133, 28
7254, 104, -124, 25
7273, 98, -114, 17
7292, 97, -109, 14
7316, 95, -97, 6
7335, 96, -94, 1
7355, 96, -92, 0
7373, 88, -81, -1
7393, 81, -73, -1
7412, 77, -69, 1
7432, 73, -68, 5
7451, 68, -66, 8
7471, 66, -67, 6
7490, 71, -72, 7
7510, 76, -76, 6
7529, 85, -83, 5
7564, 103, -105, 6
7583, 134, -126, 18
7603, 141, -132, 26
7622, 131, -139, 33
7642, 105, -138, 31
7661, 80, -131, 21
7740, 96, -126, -16
7759, 81, -133, 12
7779, 76, -141, 20
7798, 70, -136, 33
7818, 61, -129, 31
7837, 51, -115, 23
7857, 49, -107, 16
7876, 52, -106, 12
7900, 57, -112, 6
7919, 58, -111, 7
7939, 56, -107, 12
7958, 55, -108, 17
7977, 58, -112, 17
7997, 63, -112, 15
8016, 68, -114, 14
8036, 75, -118, 11
8054, 74, -119, 10
8074, 73, -123, 11
8110, 116, -147, 20
8129, 118, -159, 20
8148, 92, -141, 15
8168, 65, -122, 13
8187, 62, -114, 14
8207, 76, -120, 16
8226, 92, -129, 16
8246, 108, -137, 16
8265, 110, -139, 20
8285, 108, -136, 26
8314, 102, -129, 29
8334, 102, -125, 23
8353, 100, -113, 13
8373, 94, -101, 6
8392, 92, -94, 3
8412, 92, -90, 1
8435, 86, -81, 1
8455, 81, -76, 2
8474, 81, -76, 4
8494, 78, -73, 7
8513, 76, -72, 9
8532, 73, -70, 9
8552, 75, -74, 6
8596, 89, -87, 3
8631, 129, -114, 16
8650, 137, -130, 29
8670, 120, -128, 35
8689, 92, -123, 32
8709, 80, -118, 29
8728, 75, -116, 18
8748, 92, -127, 0
8767, 102, -128, -18
8786, 111, -134, -19
8806, 102, -128, -7
8825, 83, -126, 13
8845, 66, -121, 28
8864, 63, -118, 31
8884, 60, -116, 31
8903, 65, -114, 21
8923, 67, -111, 12
8942, 69, -111, 5
8962, 69, -112, 3
8984, 65, -118, 5
9004, 63, -123, 8
9023, 57, -123, 12
9041, 53, -122, 11
9061, 54, -124, 10
9079, 59, -127, 2
9099, 64, -128, -5
9134, 75, -135, -4
9152, 122, -158, 8
9171, 137, -183, 17
9191, 104, -160, 20
9209, 66, -126, 17
9229, 49, -101, 14
9247, 73, -108, 11
9267, 88, -119, 11
9286, 112, -130, 15
9305, 121, -140, 20
9324, 116, -136, 27
9344, 108, -129, 30
9362, 108, -124, 29
9381, 108, -121, 26
9401, 105, -114, 21
9420, 105, -108, 14
9463, 100, -92, 8
9493, 96, -84, 7
9512, 93, -77, 8
9535, 84, -69, 7
9554, 76, -62, 7
9573, 73, -62, 8
9592, 73, -63, 5
9611, 75, -68, 2
9646, 84, -79, 2
9665, 97, -92, 1
9683, 125, -110, 13
9703, 128, -122, 32
9722, 121, -123, 37
9741, 95, -122, 42
9760, 79, -121, 35
9780, 96, -137, 20
9798, 112, -141, -10
9818, 122, -144, -32
9837, 121, -145, -34
9856, 105, -132, -23
9875, 81, -128, 3
9894, 67, -130, 20
9913, 65, -132, 30
9932, 65, -130, 28
9951, 63, -122, 20
9970, 62, -123, 16
9990, 63, -121, 13
10008, 62, -123, 8
10032, 61, -123, 1
10051, 58, -118, -1
10071, 58, -122, 0
10090, 59, -126, 2
10109, 59, -129, 7
10144, 53, -129, 16
10164, 52, -124, 22
10184, 64, -125, 18
10204, 106, -137, 18
10223, 130, -159, 19
10243, 123, -156, 21
10262, 93, -134, 18
10281, 75, -115, 17
10328, 108, -128, 22
10347, 118, -133, 23
10366, 125, -139, 28
10386, 126, -143, 30
10405, 121, -130, 31
10425, 117, -122, 29
10444, 114, -117, 22
10465, 115, -112, 17
10484, 110, -102, 9
10504, 103, -91, 5
10523, 96, -82, 2
10543, 90, -74, 1
10566, 81, -67, 2
10586, 72, -62, 2
10605, 68, -62, 5
10625, 67, -62, 5
10671, 69, -68, 2
10690, 72, -70, 1
10710, 86, -81, 0
10729, 107, -96, 8
10748, 119, -111, 20
10768, 114, -120, 29
10787, 109, -126, 30
10807, 95, -127, 29
10826, 80, -122, 21
10846, 84, -132, 3
10865, 100, -137, -17
10885, 127, -154, -26
10905, 136, -163, -14
10925, 128, -169, 9
10944, 104, -169, 26
10963, 94, -164, 30
10983, 77, -146, 27
11002, 70, -130, 17
11022, 67, -122, 5
11041, 67, -119, -6
11065, 69, -116, -10
11084, 66, -117, -10
11104, 61, -120, -7
11123, 56, -121, -3
11169, 53, -124, 5
11204, 56, -121, 4
11224, 63, -120, 2
11243, 67, -119, 3
11262, 74, -121, 7
11282, 99, -130, 13
11301, 112, -137, 20
11321, 102, -131, 22
11340, 97, -123, 23
11360, 104, -122, 22
11379, 110, -124, 20
11399, 107, -119, 20
11419, 100, -115, 20
11439, 101, -114, 20
11458, 109, -111, 21
11478, 118, -113, 22
11497, 123, -113, 22
11516, 124, -113, 21
11536, 118, -109, 19
11555, 109, -102, 17
11579, 99, -94, 15
11598, 91, -86, 15
11618, 87, -81, 13
11637, 84, -78, 11
11657, 82, -73, 9
11676, 81, -72, 7
11711, 82, -73, 4
11730, 83, -78, 6
11750, 86, -85, 9
11769, 87, -88, 11
11789, 88, -93, 13
11808, 86, -95, 14
11838, 107, -108, 17
11858, 105, -109, 21
11878, 92, -106, 24
11897, 86, -106, 18
11917, 85, -109, 8
11936, 90, -116, -8
11956, 91, -121, -16
11975, 88, -127, -27
11995, 82, -119, -27
12041, 99, -140, -4
12060, 96, -152, 1
12080, 92, -153, 7
12099, 80, -152, 12
12123, 67, -133, 5
12142, 66, -128, -2
12162, 69, -121, -19
12181, 69, -112, -28
12201, 71, -109, -26
12273, 66, -118, -1
12293, 66, -119, 0
12312, 71, -120, 0
12332, 74, -120, 1
12351, 87, -128, 7
12370, 99, -137, 10
12390, 94, -134, 14
12409, 69, -120, 15
12429, 49, -107, 16
12448, 44, -104, 23
12468, 59, -107, 29
12487, 84, -118, 40
12507, 106, -129, 56
12526, 114, -126, 77
12547, 111, -115, 86
12566, 110, -112, 88
12585, 116, -120, 80
12605, 116, -117, 66
12624, 113, -108, 52
12644, 108, -98, 38
12667, 101, -85, 32
12687, 98, -80, 27
12706, 102, -86, 28
12726, 104, -89, 32
12745, 105, -95, 35
12780, 105, -100, 37
12800, 105, -106, 39
12819, 97, -103, 37
12838, 93, -98, 30
12858, 88, -96, 23
12877, 91, -94, 15
12923, 92, -89, 6
12943, 106, -99, 4
12962, 99, -92, 6
12982, 80, -83, 5
13001, 72, -77, -7
13021, 71, -78, -15
13040, 75, -66, -25
13071, 94, -79, -17
13090, 113, -115, -10
13110, 117, -130, -9
13129, 120, -142, -10
13149, 113, -140, -14
13168, 103, -138, -13
13192, 95, -132, -15
13211, 89, -131, -20
13231, 86, -129, -17
13250, 79, -132, -12
13270, 75, -130, -5
13304, 77, -129, -9
13324, 78, -124, -13
13343, 77, -121, -10
13363, 73, -120, -10
13382, 71, -120, -10
13402, 67, -115, -8
13421, 62, -112, -1
13441, 58, -113, 7
13460, 59, -113, 9
13479, 57, -111, 11
13499, 58, -108, 12
13518, 66, -110, 11
13538, 75, -112, 13
13557, 93, -123, 17
13577, 91, -128, 28
13596, 81, -123, 31
13616, 79, -117, 30
13635, 91, -117, 29
13655, 103, -123, 32
13679, 110, -128, 36
13699, 110, -126, 38
13718, 112, -122, 39
13763, 133, -129, 30
13783, 129, -122, 21
13817, 120, -114, 19
13837, 116, -108, 17
13856, 110, -101, 12
13876, 104, -94, 8
13895, 101, -89, 7
13915, 95, -81, 8
13934, 88, -74, 9
13954, 86, -72, 8
13973, 85, -72, 3
13992, 85, -72, 4
14012, 87, -77, 2
14031, 89, -82, 1
14051, 89, -90, 1
14070, 102, -105, 3
14090, 116, -111, 9
14109, 105, -108, 18
14129, 90, -106, 22
14148, 84, -106, 21
14168, 70, -97, 18
14187, 66, -99, 9
14211, 77, -104, -1
14240, 96, -119, -7
14260, 110, -128, -7
14279, 124, -139, -3
14299, 124, -155, 7
14333, 91, -142, 12
14353, 75, -127, 9
14372, 73, -117, 2
14393, 79, -116, -5
14412, 83, -117, -9
14432, 83, -115, -10
14451, 79, -112, -12
14471, 73, -114, -9
14490, 65, -110, -2
14510, 60, -109, 0
14529, 59, -112, 8
14548, 56, -118, 13
14568, 58, -112, 6
14587, 59, -109, 3
14650, 118, -139, 17
14669, 121, -147, 25
14689, 107, -130, 24
14708, 96, -116, 23
14728, 89, -106, 22
14751, 87, -101, 17
14771, 95, -102, 12
14790, 113, -104, 10
14810, 123, -107, 10
14829, 133, -114, 13
14864, 122, -114, 16
14883, 106, -104, 15
14903, 96, -95, 14
14922, 94, -93, 14
14942, 94, -88, 15
14961, 88, -81, 12
14981, 86, -77, 10
15000, 86, -75, 9
15020, 85, -75, 9
15039, 83, -75, 7
15058, 82, -76, 6
15078, 83, -79, 6
15097, 84, -82, 5
15117, 85, -83, 6
15136, 86, -86, 6
15156, 94, -92, 6
15175, 121, -105, 10
15195, 133, -114, 24
15214, 123, -119, 29
15234, 114, -120, 28
15257, 76, -112, 15
15277, 66, -108, 1
15296, 72, -106, -13
15315, 77, -107, -18
15335, 88, -110, -22
15370, 101, -127, -5
15389, 92, -132, 15
15409, 85, -134, 22
15439, 70, -127, 23
15459, 66, -113, 14
15504, 68, -104, -14
15523, 69, -103, -14
15543, 68, -103, -13
15562, 65, -107, -5
15582, 63, -110, 3
15601, 60, -111, 8
15621, 60, -114, 8
15640, 63, -114, 7
15660, 69, -120, 7
15679, 82, -125, 11
15698, 99, -132, 14
15718, 128, -149, 20
15737, 125, -154, 26
15757, 99, -133, 22
15776, 79, -113, 18
15800, 66, -98, 13
15819, 66, -95, 5
15839, 80, -97, 0
15858, 104, -108, -1
15893, 133, -130, 9
15912, 116, -120, 19
15932, 100, -112, 25
15951, 89, -101, 25
15971, 85, -94, 24
15990, 87, -89, 17
16010, 86, -87, 15
16029, 88, -85, 9
16049, 87, -81, 6
16067, 82, -76, 8
16087, 79, -73, 7
16106, 78, -71, 6
16125, 78, -71, 4
16145, 80, -76, 2
16164, 81, -79, 2
16184, 87, -86, 2
16203, 92, -94, 1
16223, 101, -102, 2
16242, 135, -124, 8
16262, 150, -134, 26
16281, 133, -132, 40
16331, 60, -109, 17
16351, 59, -107, 3
16370, 71, -100, -25
16389, 87, -107, -33
16423, 100, -120, 0
16443, 100, -128, 10
16462, 92, -138, 23
16482, 79, -133, 24
16501, 61, -118, 14
16521, 50, -112, -2
16540, 48, -100, -13
16560, 52, -99, -15
16579, 59, -103, -14
16599, 63, -104, -13
16628, 68, -106, -3
16685, 72, -110, 12
16704, 77, -111, 8
16723, 83, -114, 2
16743, 85, -115, 1
16762, 90, -116, -1
16782, 97, -122, 1
16801, 124, -133, 4
16821, 119, -137, 9
16840, 106, -133, 13
16864, 81, -120, 13
16883, 55, -100, 11
16903, 46, -91, 1
16922, 65, -95, -5
16957, 97, -114, 1
16976, 107, -124, 16
16996, 108, -128, 33
17015, 104, -125, 39
17035, 94, -113, 34
17054, 86, -104, 23
17074, 87, -102, 16
17093, 92, -97, 6
17113, 93, -90, -1
17132, 90, -84, -2
17152, 86, -78, -1
17171, 84, -76, -1
17190, 81, -73, 3
17235, 69, -72, 6
17255, 73, -78, 7
17274, 81, -85, 7
17294, 84, -88, 8
17313, 94, -97, 9
17333, 109, -109, 11
17352, 123, -118, 14
17372, 135, -130, 20
17391, 137, -133, 25
17415, 114, -132, 28
17434, 89, -124, 20
17453, 66, -118, 2
17487, 58, -105, -27
17506, 71, -100, -21
17525, 92, -109, -3
17545, 102, -128, 19
17563, 97, -138, 36
17583, 76, -128, 41
17602, 60, -119, 29
17620, 56, -108, 18
17640, 61, -101, -3
17659, 65, -96, -14
17678, 65, -96, -14
17697, 67, -96, -10
17716, 68, -105, -7
17735, 67, -109, -3
17755, 64, -113, 5
17773, 61, -114, 7
17793, 62, -114, 9
17822, 65, -115, 6
17841, 70, -119, 3
17860, 72, -120, 1
17879, 90, -126, 5
17902, 134, -154, 16
17921, 130, -154, 19
17940, 102, -138, 24
17975, 57, -104, 18
17993, 53, -100, 16
18013, 60, -97, 4
18032, 83, -104, 0
18078, 123, -128, 24
18097, 119, -127, 30
18116, 108, -122, 32
18136, 97, -112, 31
18154, 92, -103, 26
18173, 92, -96, 18
18192, 95, -94, 9
18211, 96, -92, 3
18231, 96, -86, 1
18249, 86, -76, 4
18269, 79, -70, 7
18287, 74, -68, 7
18307, 76, -72, 7
18325, 78, -76, 8
18344, 81, -79, 7
18364, 86, -85, 8
18382, 90, -87, 7
18402, 91, -90, 8
18420, 104, -101, 4
18438, 114, -104, 7
18457, 127, -118, 14
18493, 111, -125, 28
18512, 90, -121, 23
18532, 79, -116, 17
18551, 61, -110, 2
18571, 68, -111, -15
18590, 82, -115, -16
18610, 94, -118, -2
18629, 107, -134, 17
18649, 103, -142, 30
18668, 88, -136, 29
18688, 72, -124, 16
18708, 66, -115, 9
18727, 64, -104, -2
18747, 65, -102, -9
18766, 67, -102, -7
18786, 68, -104, -2
18805, 66, -109, 4
18825, 64, -111, 11
18844, 63, -111, 14
18864, 60, -113, 12
18911, 62, -116, 11
18930, 64, -114, 11
18954, 79, -120, 11
18973, 108, -133, 16
19018, 102, -130, 27
19038, 96, -124, 26
19057, 88, -118, 22
19078, 81, -106, 19
19097, 79, -103, 20
19117, 102, -115, 16
19136, 125, -127, 19
19155, 132, -128, 24
19175, 120, -120, 31
19194, 106, -110, 31
19214, 100, -103, 29
19233, 95, -96, 24
19253, 93, -90, 19
19273, 94, -86, 14
19293, 96, -84, 8
19312, 90, -78, 7
19332, 86, -73, 7
19351, 82, -71, 9
19371, 82, -73, 8
19390, 82, -75, 8
19409, 82, -78, 9
19429, 81, -81, 9
19448, 83, -85, 11
19472, 86, -90, 12
19491, 97, -97, 13
19526, 104, -104, 25
19546, 102, -111, 23
19565, 101, -111, 21
19585, 95, -114, 17
19604, 96, -122, 5
19624, 93, -124, -7
19644, 83, -125, -16
19663, 73, -116, -14
19683, 76, -118, -1
19702, 85, -127, 11
19748, 97, -152, 26
19768, 86, -145, 24
19787, 68, -126, 16
19808, 63, -112, 4
19827, 64, -105, -6
19847, 64, -101, -12
19866, 66, -100, -12
19886, 66, -97, -10
19905, 67, -101, -4
19924, 66, -106, 4
19944, 65, -109, 10
19963, 64, -110, 10
19987, 61, -107, 8
20006, 65, -109, 6
20026, 69, -112, 6
20061, 84, -119, 8
20080, 110, -131, 16
20100, 121, -146, 22
20119, 114, -139, 25
20139, 97, -124, 23
20158, 81, -106, 20
20188, 69, -93, 11
20207, 72, -95, 7
20227, 91, -98, 1
20246, 106, -105, 1
20265, 119, -117, 7
20285, 115, -120, 15
20304, 98, -110, 20
20324, 84, -99, 24
20343, 78, -92, 26
20363, 80, -88, 23
20382, 82, -88, 19
20402, 82, -83, 13
20421, 82, -82, 8
20441, 85, -81, 7
20460, 84, -80, 7
20480, 81, -79, 8
20503, 79, -81, 8
20523, 81, -85, 9
20585, 92, -98, 10
20604, 118, -112, 14
20624, 138, -126, 26
20643, 131, -128, 39
20663, 106, -117, 41
20682, 93, -114, 34
20702, 72, -108, 20
20721, 65, -101, -4
20741, 67, -98, -26
20760, 78, -97, -31
20780, 90, -101, -22
20799, 98, -114, -7
20818, 96, -122, 10
20838, 81, -128, 24
20857, 76, -127, 28
20877, 63, -112, 23
20896, 61, -102, 10
20916, 65, -100, -4
20935, 69, -101, -9
20955, 72, -102, -9
20974, 73, -102, -8
20994, 72, -104, -3
21013, 69, -105, -1
21037, 65, -105, 5
21057, 64, -104, 6
21092, 74, -110, 6
21111, 83, -116, 6
21131, 91, -119, 7
21150, 121, -132, 13
21170, 131, -147, 14
21189, 129, -148, 15
21209, 110, -134, 16
21228, 85, -116, 15
21248, 60, -92, 9
21267, 59, -88, 1
21286, 79, -94, -1
21306, 98, -106, 4
21325, 120, -124, 17
21355, 110, -127, 37
21409, 80, -96, 35
21457, 90, -87, 17
21477, 96, -84, 9
21495, 99, -83, 5
21516, 100, -82, 6
21535, 98, -84, 6
21555, 92, -82, 8
21574, 87, -85, 9
21593, 87, -88, 9
21617, 85, -87, 8
21651, 87, -93, 2
21670, 107, -100, 2
21691, 113, -103, 6
21710, 98, -102, 13
21730, 90, -106, 14
21749, 85, -114, 10
21769, 84, -118, 4
21788, 83, -120, -8
21808, 72, -118, -19
21827, 62, -107, -19
21847, 63, -96, -12
21866, 81, -109, -8
21885, 102, -118, -6
21905, 111, -136, 1
21924, 99, -143, 11
21944, 91, -138, 17
21963, 72, -125, 14
21983, 67, -116, 4
22002, 69, -110, -10
22022, 65, -105, -16
22041, 64, -106, -9
22061, 64, -110, 6
22080, 65, -115, 17
22104, 69, -114, 21
22123, 74, -108, 13
22158, 82, -104, 3
22177, 89, -105, -1
22197, 96, -108, 0
22216, 102, -113, 11
22236, 105, -117, 22
22282, 88, -114, 25
22301, 87, -106, 30
22321, 95, -107, 39
22340, 97, -105, 49
22360, 91, -102, 61
22379, 90, -105, 73
22398, 90, -104, 77
22418, 91, -106, 81
22437, 92, -105, 70
22457, 91, -98, 53
22476, 96, -94, 40
22496, 103, -93, 31
22515, 118, -99, 21
22535, 127, -104, 15
22554, 124, -103, 14
22584, 114, -101, 21
22604, 100, -98, 26
22624, 92, -95, 29
22647, 83, -91, 28
22682, 83, -87, 18
22702, 99, -96, 9
22721, 122, -112, 3
22740, 129, -116, 4
22760, 107, -101, 7
22779, 85, -92, 10
22799, 72, -74, -3
22818, 75, -78, -16
22838, 84, -84, -29
22857, 92, -92, -28
22877, 100, -101, -23
22896, 108, -116, -17
22916, 109, -118, -16
22935, 98, -123, -14
22955, 83, -124, -11
22974, 70, -118, -13
22993, 68, -114, -13
23013, 71, -107, -15
23032, 75, -111, -13
23052, 79, -119, -9
23071, 81, -123, -5
23117, 78, -123, 4
23137, 78, -121, 4
23160, 81, -123, 0
23195, 80, -122, -6
23215, 76, -122, 0
23234, 73, -125, 4
23254, 68, -125, 5
23273, 62, -119, 3
23292, 60, -117, -1
23312, 81, -130, -2
23331, 104, -150, 2
23351, 80, -139, 20
23370, 63, -132, 27
23390, 40, -108, 33
23409, 40, -99, 23
23429, 69, -103, 9
23448, 87, -109, 1
23468, 97, -116, 8
23487, 97, -120, 29
23506, 95, -122, 44
23526, 93, -119, 49
23545, 92, -117, 49
23565, 100, -115, 47
23584, 116, -120, 40
23604, 127, -122, 40
23623, 123, -120, 41
23643, 116, -110, 40
23666, 116, -107, 34
23701, 113, -96, 23
23720, 111, -91, 16
23740, 111, -91, 15
23771, 109, -90, 16
23790, 105, -87, 16
23810, 100, -87, 17
23829, 95, -88, 17
23848, 91, -87, 14
23868, 90, -88, 13
23887, 88, -90, 8
23907, 86, -89, 6
23953, 79, -91, 2
23972, 74, -90, 2
23992, 70, -91, 2
24011, 69, -92, 2
24031, 67, -94, 3
24050, 71, -99, 6
24070, 77, -105, 9
24089, 83, -111, 11
24109, 89, -115, 10
24128, 99, -122, 13
24147, 102, -118, 20
24167, 96, -115, 24
24186, 96, -120, 28
24225, 85, -113, 7
24245, 77, -105, -7
24264, 81, -105, -22
24284, 84, -104, -24
24303, 84, -102, -21
24323, 84, -103, -17
24342, 92, -116, -14
24361, 94, -119, -6
24381, 86, -117, 4
24400, 82, -118, 5
24420, 82, -111, -3
24439, 82, -100, -16
24458, 79, -93, -23
24477, 78, -90, -22
24497, 75, -87, -14
24516, 73, -91, -5
24536, 72, -94, 2
24555, 72, -96, 6
24574, 74, -97, 7
24594, 75, -95, 6
24613, 75, -93, 7
24633, 72, -92, 8
24652, 70, -90, 11
24672, 71, -95, 11
24691, 84, -105, 10
24730, 98, -120, 12
24776, 125, -140, 27
24796, 115, -135, 30
24815, 89, -120, 28
24835, 58, -94, 17
24854, 54, -88, 0
24873, 71, -83, -14
24893, 89, -95, -7
24912, 112, -116, 6
24932, 115, -125, 14
24962, 96, -124, 36
24981, 85, -117, 38
25000, 87, -110, 33
25020, 89, -102, 21
25039, 94, -98, 13
25059, 98, -98, 6
25078, 99, -97, 6
25098, 98, -96, 6
25116, 97, -94, 8
25136, 92, -90, 10
25155, 89, -89, 12
25175, 87, -86, 11
25194, 88, -85, 7
25213, 93, -86, 5
25233, 96, -89, 2
25272, 103, -96, 1
25291, 121, -107, 2
25311, 122, -109, 12
25330, 116, -111, 21
25350, 100, -110, 19
25369, 80, -103, 10
25389, 64, -98, -4
25408, 63, -98, -13
25427, 67, -101, -28
25447, 83, -109, -26
25466, 101, -123, -9
25486, 98, -126, 16
25505, 86, -130, 35
25525, 73, -119, 44
25544, 64, -108, 36
25564, 62, -101, 30
25610, 70, -94, -2
25629, 70, -94, -1
25649, 73, -97, 3
25668, 75, -106, 6
25688, 72, -111, 12
25707, 70, -111, 15
25726, 66, -109, 17
25746, 71, -122, 16
25824, 118, -168, 18
25843, 87, -149, 16
25862, 69, -131, 17
25881, 40, -103, 11
25900, 42, -101, 7
25919, 66, -112, 6
25938, 81, -120, 9
25957, 97, -128, 17
25976, 104, -130, 21
25996, 112, -135, 27
26014, 110, -131, 28
26034, 98, -119, 25
26053, 92, -109, 20
26072, 95, -106, 15
26091, 95, -101, 8
26110, 95, -98, 6
26129, 91, -89, 5
26159, 88, -83, 4
26177, 88, -82, 6
26196, 86, -79, 8
26216, 83, -79, 11
26234, 84, -80, 11
26254, 91, -86, 10
26273, 98, -94, 8
26292, 99, -97, 11
26327, 104, -101, 11
26349, 116, -105, 21
26369, 115, -110, 33
26387, 101, -106, 36
26406, 72, -95, 25
26426, 62, -95, 11
26473, 93, -106, -25
26492, 112, -121, -21
26511, 115, -126, -9
26530, 95, -120, 7
26550, 75, -122, 21
26568, 66, -117, 23
26588, 63, -111, 15
26606, 62, -106, 11
26626, 61, -101, 4
26645, 65, -102, 5
26663, 68, -107, 7
26683, 72, -112, 5
26701, 71, -114, 3
26721, 69, -113, 2
26740, 65, -112, 0
26759, 64, -115, 0
26778, 69, -122, 0
26797, 73, -127, 2
26831, 75, -130, 5
26855, 90, -137, 13
26874, 118, -156, 17
26894, 120, -163, 24
26913, 89, -136, 21
26933, 52, -109, 12
26952, 49, -95, 5
26972, 78, -103, 2
26991, 105, -121, 4
27011, 115, -129, 5
27030, 117, -132, 13
27049, 108, -128, 22
27069, 100, -123, 27
27088, 94, -114, 26
27108, 89, -105, 21
27128, 91, -99, 13
27148, 94, -97, 6
27167, 94, -91, 3
27187, 93, -88, 2
27206, 88, -82, 3
27226, 86, -78, 5
27273, 72, -68, 10
27292, 75, -72, 9
27312, 85, -80, 7
27358, 93, -90, 4
27377, 106, -99, 4
27401, 138, -120, 16
27420, 134, -129, 28
27440, 106, -126, 30
27459, 78, -116, 18
27479, 68, -114, 4
27498, 80, -112, -15
27518, 98, -125, -24
27538, 106, -133, -25
27557, 108, -142, -14
27577, 92, -135, 8
27596, 72, -129, 27
27616, 63, -115, 32
27635, 59, -105, 25
27655, 61, -94, 12
27674, 64, -91, 3
27694, 69, -91, 3
27714, 71, -94, 4
27734, 77, -101, 5
27753, 77, -101, 6
27772, 76, -102, 7
27792, 73, -104, 7
27811, 71, -106, 7
27831, 74, -108, 5
27883, 84, -122, 0
27902, 86, -124, 5
27926, 116, -142, 17
27945, 126, -159, 24
27965, 103, -144, 20
27984, 63, -112, 11
28004, 48, -89, 4
28023, 56, -86, 4
28043, 84, -102, 5
28063, 113, -126, 13
28110, 107, -127, 32
28130, 99, -117, 31
28150, 96, -110, 25
28170, 96, -104, 16
28189, 97, -101, 12
28209, 103, -100, 7
28228, 102, -97, 5
28248, 98, -92, 8
28267, 94, -86, 12
28286, 90, -81, 16
28306, 88, -78, 18
28325, 79, -74, 16
28345, 77, -71, 14
28364, 79, -73, 13
28384, 87, -79, 9
28419, 90, -81, 4
28438, 106, -91, 5
28463, 117, -94, 13
28482, 113, -105, 22
28502, 98, -104, 21
28521, 86, -102, 16
28551, 82, -108, 4
28570, 100, -125, -9
28590, 120, -141, -21
28609, 126, -150, -23
28628, 101, -141, -9
28648, 76, -130, 13
28667, 65, -122, 22
28687, 64, -118, 19
28706, 63, -111, 13
28726, 62, -106, 7
28745, 65, -105, 6
28765, 66, -107, 9
28784, 68, -112, 8
28804, 71, -114, 3
28823, 68, -109, 0
28843, 67, -109, -3
28862, 70, -111, -2
28881, 71, -112, -1
28945, 87, -130, 8
28964, 115, -142, 20
28984, 130, -162, 21
29007, 98, -135, 25
29027, 85, -126, 25
29046, 65, -109, 22
29066, 67, -99, 17
29085, 87, -106, 13
29105, 107, -116, 15
29124, 123, -126, 19
29144, 121, -125, 26
29163, 116, -122, 29
29182, 113, -119, 30
29202, 107, -112, 29
29221, 101, -105, 22
29241, 98, -98, 15
29260, 97, -92, 8
29280, 94, -84, 3
29299, 94, -79, 1
29319, 89, -72, 0
29338, 83, -68, 4
29358, 80, -66, 5
29377, 75, -67, 8
29396, 79, -72, 14
29416, 82, -77, 15
29451, 85, -82, 15
29470, 95, -89, 14
29490, 120, -99, 17
29513, 133, -120, 27
29533, 124, -121, 27
29552, 90, -116, 22
29572, 64, -107, 9
29591, 70, -111, -9
29611, 90, -120, -30
29630, 117, -142, -39
29649, 123, -155, -33
29669, 102, -154, -12
29688, 90, -153, 2
29747, 57, -123, 9
29766, 59, -112, -5
29786, 61, -107, -15
29805, 65, -106, -16
29825, 71, -111, -14
29844, 71, -115, -12
29863, 68, -117, -6
29883, 62, -116, -4
29902, 60, -113, -5
29922, 64, -116, -5
29941, 74, -122, -4
30021, 87, -124, 19
30041, 111, -133, 22
30064, 122, -160, 23
30084, 85, -124, 29
30103, 70, -113, 32
30123, 69, -109, 34
30142, 79, -110, 35
30162, 89, -112, 39
30182, 101, -117, 45
30201, 118, -133, 52
30221, 127, -143, 56
30240, 114, -130, 56
30260, 94, -103, 55
30279, 92, -93, 49
30300, 100, -96, 45
30319, 123, -105, 36
30339, 131, -108, 35
30358, 128, -96, 33
30377, 118, -91, 29
30397, 112, -84, 24
30416, 100, -74, 18
30436, 91, -69, 13
30456, 91, -67, 10
30476, 85, -69, 8
30495, 85, -72, 7
30530, 84, -82, 6
30550, 100, -94, 8
30601, 75, -98, 21
30620, 77, -105, 19
30640, 77, -107, 17
30659, 80, -110, 6
30679, 85, -121, -16
30698, 87, -126, -33
30717, 87, -121, -34
30737, 92, -124, -23
30756, 107, -146, -10
30777, 110, -159, 0
30796, 101, -162, 1
30816, 95, -158, 1
30835, 82, -144, 1
30854, 69, -128, -4
30874, 69, -122, -10
30894, 72, -120, -14
30913, 73, -117, -10
30932, 72, -114, -3
30962, 70, -116, 1
30982, 71, -115, 2
31001, 70, -112, 5
31021, 67, -106, 8
31055, 76, -106, 11
31075, 82, -109, 12
31098, 102, -123, 15
31118, 102, -126, 20
31137, 94, -120, 23
31157, 75, -109, 28
31176, 60, -102, 35
31196, 68, -109, 47
31215, 88, -120, 59
31235, 103, -130, 69
31254, 101, -120, 76
31273, 97, -93, 77
31292, 99, -89, 72
31311, 102, -92, 59
31331, 99, -108, 89
31350, 98, -126, 84
31370, 91, -128, 93
31418, 95, -105, 73
31437, 95, -92, 65
31457, 97, -93, 60
31476, 104, -98, 49
31496, 108, -98, 43
31515, 102, -93, 41
31535, 95, -88, 41
31569, 87, -81, 40
31589, 89, -81, 37
31608, 90, -83, 33
31632, 90, -85, 27
31652, 84, -78, 22
31672, 81, -76, 15
31691, 83, -78, 10
31711, 84, -83, 3
31730, 88, -92, -3
31750, 99, -104, -4
31769, 97, -106, 0
31789, 80, -102, 10
31808, 75, -105, 14
31827, 78, -114, 15
31847, 78, -114, 14
31867, 77, -108, 10
31887, 84, -118, 3
31906, 90, -119, -1
31926, 95, -125, -4
31945, 100, -129, -7
31965, 100, -135, -6
31984, 95, -137, -7
32004, 85, -132, -9
32023, 78, -127, -12
32043, 75, -123, -17
32077, 72, -123, -16
32097, 72, -124, -14
32120, 65, -122, -7
32150, 59, -118, 2
32169, 60, -119, 6
32189, 60, -120, 12
32237, 59, -117, 15
32257, 64, -117, 15
32276, 74, -122, 16
32295, 98, -132, 17
32315, 118, -142, 17
32334, 139, -159, 18
32354, 122, -148, 19
32373, 87, -118, 23
32393, 58, -94, 23
32412, 48, -84, 16
32432, 59, -91, 8
32451, 83, -98, 4
32471, 98, -108, 4
32490, 127, -132, 8
32509, 131, -138, 14
32529, 109, -127, 25
32548, 93, -120, 35
32568, 85, -106, 38
32603, 90, -99, 32
32622, 94, -97, 26
32642, 98, -96, 18
32665, 101, -94, 11
32685, 101, -90, 9
32704, 96, -85, 7
32722, 92, -81, 4
32742, 86, -77, 4
32761, 87, -79, 2
32781, 96, -86, 3
32800, 99, -90, 3
32820, 100, -93, 8
32839, 96, -95, 13
32859, 102, -101, 17
32878, 121, -111, 21
32898, 121, -121, 33
32917, 101, -117, 31
32936, 69, -100, 24
32956, 57, -97, 17
32975, 58, -96, 2
32995, 82, -105, -15
33042, 115, -138, -16
33061, 84, -125, 3
33081, 66, -119, 21
33100, 62, -114, 26
33136, 66, -108, 13
33156, 68, -106, 2
33175, 68, -105, 0
33199, 69, -105, 0
33218, 70, -112, 3
33238, 71, -118, 2
33257, 67, -116, 3
33276, 65, -113, 2
33296, 64, -115, 4
33315, 68, -122, 3
33345, 74, -129, 1
33364, 85, -134, 6
33385, 114, -158, 10
33404, 110, -161, 19
33424, 90, -142, 23
33443, 74, -126, 22
33463, 65, -115, 20
33482, 54, -101, 16
33502, 66, -101, 10
33521, 98, -116, 5
33541, 130, -138, 9
33560, 136, -142, 13
33580, 117, -130, 21
33599, 104, -118, 24
33634, 95, -104, 23
33653, 96, -99, 18
33673, 97, -94, 11
33692, 96, -90, 4
33716, 93, -84, 2
33735, 88, -77, 2
33755, 84, -74, 3
33774, 80, -72, 3
33794, 74, -69, 5
33812, 70, -68, 4
33860, 84, -80, 6
33880, 87, -84, 8
33899, 86, -88, 11
33918, 94, -95, 9
33938, 128, -115, 17
33957, 149, -137, 29
33977, 133, -139, 34
33996, 98, -133, 35
34016, 70, -125, 24
34035, 73, -127, 4
34054, 88, -130, -22
34073, 91, -134, -28
34093, 94, -118, -31
34112, 83, -115, -4
34131, 67, -121, 26
34166, 72, -124, 44
34186, 73, -121, 37
34205, 71, -107, 21
34225, 67, -97, 6
34248, 67, -95, -5
34267, 66, -93, -10
34286, 65, -93, -11
34306, 65, -101, -3
34324, 66, -113, 2
34343, 64, -117, 7
34362, 64, -119, 10
34381, 69, -127, 14
34401, 76, -137, 16
34419, 78, -138, 14
34439, 86, -139, 11
34458, 115, -154, 11
34477, 114, -155, 11
34506, 92, -139, 13
34561, 65, -108, -3
34580, 81, -113, -6
34598, 97, -121, 1
34618, 102, -125, 12
34637, 107, -128, 22
34657, 108, -126, 25
34719, 96, -107, 21
34739, 94, -99, 14
34758, 95, -93, 9
34777, 96, -91, 7
34796, 96, -89, 6
34837, 84, -74, 6
34856, 80, -72, 8
34876, 72, -66, 7
34894, 70, -69, 10
34914, 76, -78, 11
34933, 85, -89, 11
34953, 88, -95, 12
34971, 97, -104, 8
34991, 122, -122, 7
35010, 134, -126, 19
35030, 118, -124, 33
35049, 91, -115, 37
35067, 64, -106, 27
35087, 57, -105, 16
35106, 57, -101, -8
35126, 71, -112, -37
35144, 89, -122, -46
35164, 95, -130, -28
35183, 89, -146, 11
35218, 66, -154, 40
35236, 55, -139, 39
35256, 51, -121, 16
35275, 51, -107, -4
35294, 54, -101, -14
35317, 59, -102, -14
35337, 63, -105, -9
35356, 64, -105, 1
35376, 63, -107, 4
35395, 63, -110, 8
35416, 64, -111, 6
35435, 64, -113, 4
35454, 68, -118, 5
35474, 75, -125, 4
35493, 78, -128, 4
35513, 105, -147, 10
35532, 133, -167, 15
35552, 135, -171, 21
35571, 110, -156, 24
35592, 69, -118, 20
35611, 40, -93, 8
35631, 50, -95, -3
35650, 77, -102, -7
35670, 94, -116, 2
35689, 109, -129, 12
35734, 101, -128, 34
35753, 90, -116, 34
35773, 84, -109, 30
35793, 84, -102, 22
35830, 90, -96, 9
35855, 89, -85, 3
35874, 88, -82, 3
35894, 87, -78, 5
35913, 82, -73, 7
35933, 75, -69, 8
35952, 73, -66, 6
35972, 74, -71, 3
35991, 83, -78, 3
36011, 90, -87, 2
36030, 94, -93, 4
36049, 104, -104, 9
36069, 118, -113, 13
36089, 129, -124, 27
36109, 119, -127, 37
36128, 104, -131, 37
36148, 84, -127, 27
36167, 63, -120, 9
36187, 63, -114, -18
36206, 82, -122, -38
36242, 104, -125, -26
36261, 99, -127, -1
36281, 84, -133, 21
36300, 69, -125, 27
36320, 61, -112, 23
36339, 57, -99, 10
36433, 67, -97, 2
36456, 70, -101, 4
36477, 71, -103, 6
36500, 70, -105, 3
36523, 74, -105, 1
36545, 82, -113, 0
36568, 87, -122, 7
36590, 98, -131, 14
36612, 125, -150, 19
36634, 131, -156, 28
36657, 117, -148, 29
36679, 87, -124, 24
36702, 52, -92, 6
36724, 62, -90, -3
36747, 83, -94, -7
36768, 104, -107, 0
36791, 119, -120, 10
36813, 110, -120, 21
36836, 89, -111, 32
36858, 79, -101, 33
36891, 82, -93, 27
36914, 87, -91, 19
36936, 88, -86, 13
36959, 85, -81, 8
36992, 82, -73, 6
37057, 76, -74, 2
37080, 81, -79, 2
37102, 88, -87, 1
37125, 104, -105, 4
37147, 132, -126, 12
37169, 141, -133, 28
37191, 130, -131, 42
37214, 107, -129, 40
37236, 85, -122, 24
37259, 65, -114, 1
37281, 67, -109, -36
37318, 78, -100, -31
37341, 91, -114, -11
37363, 91, -130, 24
37386, 79, -129, 33
37407, 70, -117, 30
37430, 64, -102, 18
37452, 64, -95, 5
37475, 69, -94, -6
37496, 75, -91, -12
37519, 74, -92, -8
37541, 73, -95, -1
37564, 69, -98, 4
37585, 69, -100, 6
37608, 72, -105, 8
37693, 147, -152, 19
37714, 132, -159, 27
37737, 96, -136, 27
37760, 59, -107, 22
37782, 44, -89, 11
37804, 51, -84, 2
37826, 76, -97, 1
37849, 119, -128, 10
37871, 128, -139, 20
37893, 120, -138, 29
37915, 104, -125, 34
37938, 90, -110, 35
37960, 89, -102, 32
37982, 89, -94, 25
38004, 87, -79, 11
38027, 89, -74, 3
38048, 88, -71, 0
38071, 84, -67, 1
38093, 78, -65, 3
38116, 72, -65, 6
38137, 72, -72, 9
38160, 83, -83, 11
38182, 92, -94, 8
38204, 99, -102, 9
38226, 122, -120, 9
38294, 101, -140, 29
38317, 71, -134, 10
38349, 49, -112, -29
38372, 50, -103, -42
38394, 56, -95, -39
38427, 96, -141, 6
38450, 97, -161, 27
38472, 77, -146, 36
38495, 58, -120, 29
38516, 54, -106, 11
38539, 59, -99, -8
38577, 69, -97, -16
38599, 73, -102, -11
38622, 78, -109, -3
38643, 73, -106, 3
38666, 64, -97, 2
38688, 65, -95, 4
38711, 76, -100, 5
38733, 91, -116, 8
38755, 96, -125, 15
38777, 87, -120, 18
38800, 108, -124, 27
38822, 120, -139, 33
38845, 108, -140, 35
38866, 85, -120, 35
38949, 88, -94, 38
38972, 100, -102, 41
38994, 114, -113, 48
39016, 114, -114, 52
39038, 104, -96, 49
39061, 108, -92, 46
39084, 113, -93, 42
39106, 112, -92, 37
39128, 110, -91, 29
39150, 107, -92, 19
39173, 102, -89, 12
39195, 96, -83, 13
39218, 90, -78, 13
39239, 88, -82, 16
39262, 86, -81, 17
39284, 86, -83, 16
39307, 85, -86, 13
39329, 89, -89, 13
39351, 101, -96, 13
39373, 104, -98, 20
39396, 92, -94, 24
39418, 82, -93, 20
39441, 70, -88, 9
39462, 65, -85, -10
39485, 71, -94, -17
39603, 108, -162, 14
39625, 95, -152, -5
39647, 81, -134, -23
39669, 69, -116, -28
39692, 66, -118, -25
39713, 68, -120, -17
39736, 67, -124, -5
39757, 68, -124, 2
39780, 67, -121, 9
39802, 65, -116, 9
39824, 63, -105, 8
39882, 80, -108, 8
39905, 99, -116, 11
39926, 124, -136, 17
39949, 99, -125, 20
39971, 74, -102, 21
39993, 70, -95, 20
40015, 87, -97, 22
40037, 99, -102, 26
40059, 101, -104, 37
40082, 104, -102, 43
40103, 104, -96, 51
40126, 101, -89, 56
40147, 108, -93, 57
40218, 119, -92, 52
40260, 115, -92, 43
40283, 114, -96, 41
40304, 108, -91, 38
40327, 102, -86, 31
40349, 98, -83, 30
40372, 94, -83, 28
40393, 103, -90, 26
40416, 114, -97, 25
40438, 114, -99, 25
40461, 105, -94, 24
40483, 96, -87, 20
40505, 88, -82, 14
40527, 85, -77, 8
40550, 86, -74, 4
40571, 90, -79, -1
40594, 94, -84, -8
40616, 101, -95, -7
40638, 102, -103, -1
40660, 88, -105, 5
40683, 72, -105, 12
40706, 78, -118, 13
40727, 86, -122, 4
40750, 90, -120, -10
40772, 88, -115, -22
40840, 106, -135, -15
40865, 94, -135, -15
40888, 83, -128, -19
40909, 75, -116, -28
40932, 75, -114, -34
40954, 77, -114, -34
40977, 72, -108, -22
40998, 71, -111, -8
41021, 76, -116, 1
41043, 78, -122, 5
41066, 81, -121, 9
41103, 82, -114, 12
41125, 85, -112, 12
41148, 80, -106, 14
41170, 78, -101, 17
41192, 76, -98, 18
41214, 81, -98, 17
41237, 103, -106, 17
41270, 125, -122, 19
41291, 88, -109, 16
41314, 66, -88, 11
41336, 70, -90, 10
41370, 103, -109, 9
41392, 124, -129, 15
41462, 101, -114, 32
41488, 99, -105, 26
41527, 101, -95, 8
41548, 100, -91, 3
41571, 95, -83, 3
41593, 88, -78, 1
41616, 88, -77, 1
41638, 88, -78, 0
41660, 85, -78, 0
41682, 86, -78, 1
41705, 89, -82, 2
41728, 93, -88, 5
41749, 104, -98, 8
41772, 125, -112, 16
41794, 122, -118, 30
41817, 110, -122, 34
41839, 77, -107, 32
41861, 55, -106, 12
41883, 70, -111, -8
41906, 93, -129, -22
41928, 106, -141, -20
41950, 97, -136, 1
41972, 73, -121, 19
41995, 58, -116, 31
42017, 63, -118, 29
42086, 72, -102, -1
42112, 69, -96, 0
42134, 69, -100, 4
42157, 67, -105, 7
42178, 67, -106, 9
42201, 67, -109, 12
42223, 75, -121, 14
42246, 81, -127, 11
42267, 90, -134, 9
42290, 120, -154, 9
42328, 99, -151, 6
42350, 61, -121, 5
42372, 37, -99, 2
42394, 50, -100, -1
42417, 73, -108, -2
42439, 95, -122, 5
42461, 116, -132, 15
42483, 118, -133, 19
42506, 109, -125, 22
42528, 94, -110, 20
42550, 85, -98, 17
42572, 85, -94, 14
42595, 86, -88, 7
42617, 83, -81, 6
42639, 81, -78, 5
42717, 74, -68, 13
42742, 87, -82, 12
42765, 97, -89, 12
42803, 105, -99, 9
42825, 136, -115, 13
42848, 137, -121, 19
42870, 128, -127, 21
42892, 98, -112, 16
42926, 75, -98, -3
42948, 86, -99, -16
42970, 98, -103, -17
42992, 106, -113, -11
43015, 101, -120, 2
43037, 86, -123, 21
43059, 73, -117, 32
43081, 63, -113, 31
43104, 66, -108, 17
43125, 69, -106, 4
43148, 73, -106, -4
43170, 75, -110, -4
43192, 81, -116, -1
43214, 79, -116, -1
43237, 70, -112, 1
43258, 69, -109, 6
43330, 66, -106, 1
43356, 73, -108, 1
43378, 104, -128, 5
43400, 130, -153, 11
43422, 95, -136, 17
43445, 62, -105, 12
43466, 56, -97, 5
43489, 83, -108, 1
43511, 105, -123, 8
43549, 124, -143, 28
43571, 112, -133, 33
43593, 103, -122, 32
43616, 102, -115, 26
43637, 105, -108, 18
43660, 100, -96, 4
43682, 99, -91, 0
43704, 97, -87, 0
43726, 92, -80, 1
43749, 82, -73, 3
43770, 74, -67, 9
43793, 69, -66, 8
43815, 71, -66, 7
43838, 81, -74, 7
43859, 89, -81, 8
43882, 87, -83, 11
43904, 98, -93, 13
43936, 122, -106, 22
43962, 127, -124, 27
43983, 106, -130, 19
44022, 71, -114, 2
44045, 78, -113, -1
44066, 102, -124, -1
44099, 113, -135, -1
44122, 103, -132, 8
44144, 88, -124, 22
44166, 77, -116, 30
44188, 75, -115, 24
44211, 74, -106, 14
44233, 71, -100, 6
44255, 67, -96, 1
44277, 67, -102, -2
44300, 68, -105, -1
44321, 61, -107, 8
44344, 63, -115, 11
44413, 67, -123, 12
44436, 82, -128, 1
44459, 122, -148, 1
44481, 127, -153, 11
44503, 107, -146, 20
44525, 87, -125, 16
44552, 58, -98, 4
44573, 59, -94, 5
44596, 75, -107, 12
44618, 98, -123, 18
44641, 118, -135, 23
44662, 125, -138, 25
44685, 117, -131, 28
44707, 110, -124, 26
44745, 98, -108, 24
44767, 93, -96, 18
44789, 97, -91, 10
44812, 96, -86, 6
44834, 92, -78, 5
44856, 88, -75, 8
44878, 83, -71, 12
44901, 75, -67, 14
44923, 76, -67, 14
44945, 84, -75, 10
44967, 93, -83, 4
44990, 94, -89, 1
45011, 109, -97, 2
45034, 125, -111, 10
45057, 116, -118, 28
45078, 93, -121, 29
45101, 74, -117, 18
45129, 65, -112, -10
45155, 75, -116, -26
45177, 92, -123, -20
45199, 105, -139, -7
45221, 101, -152, 27
45260, 75, -140, 40
45283, 60, -119, 29
45305, 59, -105, 3
45328, 68, -107, -4
45350, 71, -109, -6
45373, 69, -109, -6
45394, 67, -107, -3
45417, 63, -111, 3
45450, 60, -115, 10
45472, 65, -117, 8
45495, 74, -125, 5
45517, 81, -130, 2
45539, 83, -132, 3
45561, 115, -147, 8
45584, 126, -160, 12
45606, 93, -138, 16
45629, 60, -110, 11
45651, 49, -97, 9
45673, 67, -102, 9
45696, 86, -110, 14
45724, 119, -135, 25
45750, 115, -132, 33
45772, 104, -119, 33
45794, 96, -110, 32
45828, 94, -100, 20
45850, 95, -94, 11
45888, 95, -86, 5
45910, 92, -80, 4
45932, 85, -73, 5
45955, 79, -70, 8
45977, 79, -70, 10
45999, 79, -70, 8
46021, 84, -76, 7
46044, 92, -83, 6
46066, 95, -90, 10
46088, 110, -101, 11
46110, 129, -110, 20
46133, 130, -122, 34
46155, 104, -120, 33
46178, 72, -110, 21
46199, 56, -99, 1
46222, 64, -106, -20
46244, 85, -115, -30
46267, 112, -152, -19
46288, 109, -162, 5
46310, 83, -155, 28
46336, 66, -147, 35
46358, 58, -129, 25
46381, 56, -108, -3
46403, 62, -107, -12
46425, 64, -104, -14
46464, 67, -108, -5
46486, 62, -108, 2
46509, 59, -111, 7
46530, 60, -114, 8
46553, 63, -113, 7
46575, 71, -117, 5
46598, 81, -123, 8
46619, 86, -126, 12
46642, 110, -135, 15
46664, 117, -149, 16
46687, 112, -140, 16
46708, 96, -129, 14
46731, 70, -109, 11
46764, 73, -97, 11
46786, 93, -108, 13
46809, 116, -129, 20
46831, 122, -134, 28
46853, 112, -129, 35
46881, 98, -113, 35
46907, 95, -106, 30
46929, 93, -95, 18
46951, 90, -90, 13
46973, 90, -83, 8
47011, 86, -74, 3
47034, 83, -70, 3
47055, 77, -67, 6
47078, 75, -68, 6
47100, 77, -72, 8
47123, 83, -80, 9
47144, 79, -88, 9
47167, 87, -92, 7
47190, 107, -100, 11
47211, 121, -112, 23
47234, 127, -124, 33
47267, 110, -144, 32
47290, 66, -127, 3
47312, 53, -114, -24
47334, 60, -108, -43
47356, 73, -106, -43
47379, 87, -129, -24
47401, 100, -158, 5
47423, 105, -179, 25
47446, 77, -159, 32
47474, 55, -128, 20
47500, 58, -112, -6
47522, 66, -106, -18
47544, 69, -105, -19
47566, 68, -105, -14
47589, 65, -105, -8
47611, 63, -104, -1
47650, 66, -105, 2
47673, 86, -122, 5
47694, 100, -134, 13
47717, 108, -143, 22
47739, 114, -144, 32
47762, 91, -129, 33
47784, 63, -113, 33
47807, 61, -104, 40
47828, 72, -103, 48
47851, 91, -109, 65
47874, 95, -102, 80
47896, 89, -89, 91
47919, 110, -109, 84
47940, 117, -116, 71
47963, 109, -108, 57
47985, 113, -105, 52
48008, 127, -108, 40
48036, 145, -115, 30
48062, 148, -119, 27
48095, 125, -102, 24
48117, 105, -90, 21
48154, 94, -77, 13
48177, 87, -70, 11
48199, 86, -68, 10
48222, 87, -75, 8
48244, 90, -81, 8
48267, 95, -89, 6
48288, 97, -95, 6
48311, 78, -86, 7
48333, 64, -80, 3
48356, 63, -81, 0
48378, 66, -88, 0
48400, 81, -104, -2
48422, 98, -125, -2
48445, 107, -145, -3
48467, 103, -149, 0
48489, 71, -132, 8
48512, 64, -125, 9
48534, 71, -124, 5
48557, 84, -127, -1
48579, 94, -128, -6
48602, 91, -126, -8
48629, 78, -121, -6
48655, 73, -117, -3
48689, 73, -115, -5
48711, 73, -118, -5
48734, 70, -119, -4
48755, 67, -119, 2
48778, 63, -118, 7
48800, 63, -121, 13
48839, 64, -114, 12
48861, 66, -112, 11
48883, 69, -110, 11
48906, 73, -108, 10
48928, 79, -109, 9
48951, 92, -113, 13
48973, 111, -123, 17
48995, 114, -133, 25
49017, 102, -125, 24
49040, 85, -109, 20
49062, 68, -95, 14
49085, 61, -92, 4
49106, 83, -101, -2
49129, 109, -123, 0
49152, 122, -138, 10
49174, 107, -129, 18
49202, 96, -122, 25
49227, 87, -108, 26
49250, 87, -102, 22
49272, 88, -97, 16
49309, 91, -91, 7
49332, 90, -87, 6
49354, 86, -83, 5
49376, 82, -79, 3
49398, 79, -76, 1
49431, 75, -74, -1
49454, 79, -76, -2
49475, 84, -85, 0
49498, 91, -91, 0
49520, 115, -106, 4
49543, 146, -126, 15
49564, 131, -140, 45
49587, 91, -120, 49
49609, 57, -109, 39
49632, 47, -99, 18
49653, 64, -104, -8
49676, 88, -116, -32
49698, 101, -118, -34
49721, 102, -123, -10
49742, 93, -130, 18
49765, 79, -134, 34
49794, 66, -116, 36
49819, 66, -108, 28
49841, 65, -99, 17
49863, 72, -103, 7
49886, 78, -106, -5
49908, 75, -102, -12
49930, 68, -96, -13
49952, 65, -94, -6
49975, 66, -100, 0
49996, 71, -108, 4
50035, 85, -126, 5
50058, 87, -128, 4
50079, 104, -133, 5
50148, 87, -125, 7
50170, 62, -99, 3
50193, 47, -86, -2
50214, 62, -90, -4
50237, 107, -115, -2
50259, 131, -136, 5
50282, 123, -133, 14
50304, 104, -122, 19
50326, 91, -109, 24
50349, 84, -99, 24
50371, 84, -94, 22
50393, 91, -92, 15
50421, 93, -91, 12
50447, 93, -89, 12
50501, 82, -80, 9
50524, 81, -76, 6
50546, 85, -77, 5
50568, 92, -82, 7
50590, 93, -86, 7
50613, 90, -88, 10
50635, 95, -92, 10
50657, 121, -105, 15
50679, 134, -122, 23
50702, 124, -125, 27
50724, 86, -114, 16
50746, 64, -99, 5
50768, 62, -93, -9
50801, 93, -107, -13
50824, 115, -123, -7
50845, 117, -137, 5
50868, 91, -135, 31
50890, 71, -120, 36
50913, 65, -106, 26
50935, 68, -100, 11
50957, 73, -99, 0
50979, 75, -99, -4
51002, 76, -103, -5
51030, 76, -106, -6
51055, 68, -109, 1
51078, 65, -111, 7
51100, 63, -112, 10
51123, 65, -116, 7
51144, 70, -119, 2
51167, 75, -118, 3
51189, 107, -136, 15
51212, 105, -138, 25
51233, 97, -130, 26
51272, 88, -114, 13
51295, 84, -106, 7
51317, 75, -99, 4
51339, 83, -97, 4
51361, 106, -108, 8
51384, 121, -123, 12
51406, 113, -124, 20
51428, 99, -115, 23
51450, 91, -104, 22
51473, 88, -99, 23
51495, 86, -93, 20
51517, 85, -90, 14
51539, 88, -89, 10
51573, 85, -82, 10
51596, 81, -79, 10
51639, 82, -81, 11
51664, 82, -83, 10
51687, 79, -84, 10
51709, 96, -93, 9
51731, 126, -109, 14
51753, 136, -120, 28
51776, 122, -119, 33
51799, 94, -108, 24
51820, 65, -94, 1
51843, 61, -89, -23
51865, 71, -97, -38
51887, 84, -107, -39
51909, 91, -118, -26
51932, 96, -133, -2
51953, 85, -153, 29
51976, 71, -148, 34
51998, 63, -128, 25
52021, 60, -111, 10
52042, 64, -102, -7
52065, 71, -102, -21
52087, 77, -105, -23
52120, 71, -108, -4
52142, 70, -109, 0
52164, 75, -112, -2
52187, 84, -119, -6
52214, 96, -126, -2
52240, 99, -129, 3
52262, 102, -129, 6
52284, 89, -116, 7
52306, 76, -103, 7
52329, 72, -97, 7
52352, 77, -100, 11
52373, 81, -100, 22
52396, 82, -95, 33
52418, 80, -90, 49
52457, 81, -73, 81
52478, 96, -79, 80
52501, 111, -97, 71
52524, 112, -94, 62
52545, 104, -90, 57
52568, 100, -92, 52
52590, 91, -85, 49
52613, 83, -85, 49
52634, 82, -86, 48
52657, 82, -92, 49
52679, 86, -95, 48
52701, 88, -96, 45
52723, 91, -96, 42
52746, 94, -94, 39
52784, 98, -95, 29
52811, 101, -97, 24
52837, 99, -94, 18
52859, 95, -91, 16
52882, 93, -90, 15
52903, 95, -94, 15
52926, 93, -95, 20
52948, 101, -98, 22
52970, 99, -97, 26
53004, 88, -93, 27
53026, 87, -91, 17
53049, 97, -97, 3
53070, 99, -96, -8
53093, 99, -98, -9
53115, 100, -104, -9
53138, 97, -108, -6
53159, 88, -111, -3
53182, 87, -120, -8
53204, 80, -112, -15
53226, 78, -105, -22
53249, 78, -106, -23
53271, 80, -110, -22
53294, 83, -120, -22
53315, 85, -126, -27
53338, 80, -121, -28
53360, 67, -113, -17
53388, 64, -113, -6
53412, 66, -118, 5
53445, 65, -115, 9
53468, 67, -117, 9
53490, 64, -115, 9
53512, 60, -109, 10
53534, 76, -119, 11
53557, 139, -165, 19
53579, 130, -175, 35
53601, 75, -137, 43
53640, 35, -82, 23
53662, 67, -93, 17
53684, 102, -121, 22
53706, 141, -157, 23
53729, 142, -157, 34
53751, 120, -138, 43
53773, 111, -127, 45
53795, 109, -110, 33
53818, 107, -103, 27
53840, 110, -102, 22
53862, 120, -107, 18
53884, 121, -104, 16
53907, 115, -97, 14
53945, 103, -86, 12
53970, 95, -76, 12
53993, 90, -71, 8
54016, 91, -73, 5
54037, 92, -76, 2
54060, 90, -77, 1
54082, 94, -83, -1
54104, 110, -94, 3
54126, 100, -96, 18
54149, 93, -98, 21
54170, 78, -98, 21
54193, 64, -99, 15
54215, 65, -105, 6
54237, 75, -108, -2
54259, 98, -121, -9
54282, 136, -162, -16
54304, 133, -175, -17
54326, 97, -156, -3
54348, 69, -137, 9
54371, 61, -125, 9
54404, 70, -122, 0
54426, 74, -120, -2
54449, 73, -122, 0
54471, 69, -122, 3
54493, 63, -116, 3
54515, 57, -114, 7
54543, 55, -115, 9
54568, 61, -118, 7
54591, 70, -122, 2
54614, 75, -123, 0
54636, 80, -126, 1
54658, 117, -144, 8
54680, 127, -162, 17
54703, 112, -154, 26
54725, 79, -128, 29
54758, 57, -100, 21
54780, 67, -100, 16
54802, 99, -114, 11
54841, 145, -147, 15
54863, 131, -138, 23
54886, 119, -127, 28
54908, 107, -114, 29
54930, 104, -105, 24
54952, 104, -97, 14
54975, 106, -94, 7
54998, 101, -87, 4
55020, 95, -79, 2
55042, 92, -76, 2
55079, 78, -67, 4
55102, 71, -63, 7
55123, 69, -64, 6
55152, 79, -70, 5
55178, 84, -77, 7
55200, 89, -85, 8
55222, 132, -113, 13
55244, 139, -125, 29
55267, 122, -129, 37
55289, 104, -128, 33
55311, 88, -123, 26
55333, 83, -128, 8
55356, 107, -141, -23
55378, 115, -139, -23
55401, 103, -138, -9
55422, 88, -142, 9
55445, 74, -145, 27
55468, 63, -135, 31
55490, 57, -123, 26
55513, 56, -109, 12
55534, 61, -109, 2
55557, 61, -106, -2
55579, 62, -106, 0
55602, 62, -107, 5
55623, 60, -110, 8
55646, 57, -112, 7
55668, 59, -116, 8
55696, 70, -128, 9
55721, 83, -138, 6
55744, 120, -159, 8
55767, 137, -175, 12
55789, 111, -163, 16
55861, 59, -103, 3
55883, 101, -129, -1
55906, 129, -150, 2
55928, 130, -149, 10
55950, 117, -139, 19
55972, 107, -128, 24
55995, 99, -120, 24
56017, 94, -109, 20
56055, 94, -98, 7
56078, 92, -92, 3
56100, 86, -82, 1
56133, 77, -69, 3
56156, 70, -64, 3
56177, 66, -61, 3
56200, 68, -63, 3
56222, 74, -68, 3
56260, 87, -83, 4
56282, 90, -90, 8
56304, 119, -110, 11
56327, 149, -129, 27
56355, 151, -152, 51
56381, 96, -133, 48
56402, 70, -121, 28
56425, 87, -118, -9
56448, 109, -129, -31
56470, 120, -128, -30
56493, 111, -129, -7
56515, 82, -128, 36
56537, 71, -118, 50
56559, 69, -117, 50
56582, 71, -110, 44
56604, 71, -102, 34
56627, 70, -102, 24
56648, 71, -106, 6
56671, 67, -102, 3
56693, 64, -104, 3
56716, 64, -104, 2
56738, 65, -102, 2
56760, 70, -105, 2
56782, 80, -118, 0
56805, 87, -120, -6
56827, 91, -126, -11
56849, 120, -142, -7
56871, 123, -150, -2
56894, 99, -154, 10
56923, 50, -114, 28
56948, 45, -107, 22
56970, 99, -126, 3
56992, 136, -141, -2
57015, 145, -145, 6
57037, 137, -136, 11
57060, 127, -124, 15
57081, 118, -114, 12
57104, 118, -111, 4
57126, 114, -104, 1
57149, 103, -95, -1
57171, 98, -92, -1
57193, 90, -83, 2
57216, 80, -75, 5
57254, 69, -66, 10
57288, 64, -62, 13
57310, 64, -62, 11
57332, 78, -70, 7
57355, 90, -80, 6
57377, 93, -88, 6
57415, 142, -122, 15
57437, 163, -146, 33
57470, 124, -140, 47
57493, 80, -118, 42
57521, 69, -111, 10
57546, 93, -124, -20
57569, 120, -140, -38
57591, 111, -133, -21
57614, 89, -129, 11
57636, 68, -134, 36
57658, 63, -125, 46
57680, 63, -123, 47
57703, 64, -115, 34
57725, 61, -108, 11
57748, 62, -103, 0
57769, 61, -99, -8
57792, 63, -102, -9
57815, 64, -103, -6
57837, 64, -106, -2
57860, 63, -113, 0
57881, 65, -121, 2
57904, 69, -128, 6
57926, 75, -136, 8
57949, 95, -152, 12
57971, 129, -169, 16
57993, 109, -165, 22
58015, 79, -134, 20
58038, 54, -107, 10
58060, 46, -97, 1
58089, 81, -104, -6
58115, 106, -121, 0
58136, 129, -135, 11
58159, 137, -148, 26
58181, 120, -132, 33
58204, 103, -121, 34
58226, 96, -109, 31
58248, 98, -104, 23
58270, 97, -96, 12
58293, 93, -84, 3
58315, 92, -79, 1
58338, 88, -72, 0
58359, 82, -69, 2
58382, 77, -66, 4
58404, 75, -68, 6
58443, 80, -75, 7
58466, 88, -83, 7
58487, 96, -92, 6
58510, 119, -110, 10
58548, 134, -125, 23
58570, 120, -123, 35
58592, 95, -117, 33
58614, 72, -115, 13
58637, 84, -119, -11
58659, 99, -128, -27
58688, 116, -139, -13
58725, 105, -147, 15
58746, 83, -145, 28
58769, 60, -122, 23
58802, 57, -108, 8
58824, 63, -106, 2
58846, 65, -106, 1
58868, 67, -106, 1
58891, 67, -107, 1
58913, 65, -107, 4
58935, 59, -110, 7
58957, 58, -114, 6
58980, 61, -118, 3
59002, 65, -118, -2
59024, 73, -122, -3
59046, 83, -129, 2
59069, 140, -164, 19
59091, 146, -176, 33
59114, 120, -158, 33
59136, 90, -130, 27
59158, 68, -105, 18
59181, 61, -93, 5
59202, 72, -89, -6
59225, 98, -95, -5
59247, 117, -107, 5
59269, 125, -117, 14
59294, 123, -121, 20
59316, 107, -111, 22
59338, 85, -100, 29
59361, 86, -94, 28
59383, 82, -86, 21
59405, 81, -79, 15
59427, 83, -75, 10
59450, 83, -70, 7
59471, 84, -70, 8
59494, 83, -72, 9
59516, 83, -74, 10
59539, 87, -81, 11
59560, 91, -86, 10
59583, 96, -93, 10
59606, 99, -98, 9
59643, 134, -124, 18
59681, 123, -123, 44
59704, 96, -115, 37
59726, 67, -109, 20
59749, 67, -112, -10
59770, 82, -115, -40
59793, 104, -118, -37
59815, 106, -122, -22
59844, 89, -124, 2
59870, 67, -121, 23
59891, 60, -108, 27
59914, 60, -100, 25
59936, 62, -96, 19
59959, 73, -100, 9
59980, 77, -102, 7
60003, 77, -103, 6
60025, 78, -102, 2
60048, 75, -98, -3
60069, 70, -90, -6
60102, 82, -101, -3
60125, 91, -118, 8
60158, 90, -126, 20
60181, 119, -141, 26
60203, 128, -153, 31
60225, 119, -146, 26
60248, 80, -114, 15
60270, 55, -90, 7
60292, 60, -91, 2
60314, 90, -101, 0
60337, 110, -116, 6
60359, 125, -127, 16
60381, 125, -130, 22
60403, 108, -120, 24
60432, 95, -107, 22
60457, 91, -95, 13
60480, 91, -92, 6
60502, 90, -87, 3
60524, 89, -84, 3
60547, 85, -78, 6
60568, 78, -72, 14
60591, 73, -68, 18
60613, 70, -67, 19
60635, 73, -69, 18
60657, 81, -73, 16
60680, 91, -79, 11
60702, 97, -86, 8
60724, 130, -109, 6
60746, 145, -126, 17
60769, 138, -133, 23
60806, 83, -125, 13
60845, 58, -109, -11
60867, 61, -101, -21
60889, 93, -119, 0
60911, 110, -140, 26
60934, 101, -151, 42
60956, 74, -136, 46
60978, 61, -120, 29
61000, 63, -106, 5
61029, 70, -93, -19
61053, 71, -86, -18
61076, 70, -88, -9
61099, 67, -95, -1
61120, 65, -103, 7
61143, 63, -108, 14
61165, 63, -113, 20
61188, 67, -119, 23
61209, 78, -130, 18
61232, 81, -129, 14
61254, 90, -133, 15
61276, 111, -143, 19
61298, 118, -152, 23
61321, 117, -149, 19
61343, 91, -122, 10
61365, 50, -91, -3
61387, 51, -81, -6
61420, 99, -106, -3
61486, 121, -129, 19
61508, 121, -111, -4
61531, 104, -102, 2
61553, 95, -103, 12
61575, 91, -101, -3
61608, 87, -91, -3
61637, 84, -87, 2
61663, 78, -82, 4
61684, 75, -79, 7
61707, 72, -78, 12
61729, 73, -75, 13
61752, 77, -77, 10
61773, 82, -79, 9
61796, 85, -84, 10
61818, 89, -87, 13
61841, 116, -103, 14
61863, 148, -122, 24
61885, 162, -147, 38
61907, 128, -141, 37
61930, 78, -118, 32
61953, 57, -111, 14
61989, 83, -108, -19
62012, 99, -118, -9
62034, 104, -123, 12
62072, 75, -122, 44
62095, 65, -115, 37
62117, 67, -102, 27
62140, 70, -94, 12
62162, 70, -88, -2
62184, 71, -85, -4
62206, 72, -89, -5
62235, 68, -95, 0
62260, 63, -98, 6
62282, 65, -107, 11
62305, 70, -114, 14
62327, 87, -135, 11
62349, 83, -136, 9
62371, 97, -145, 12
62394, 113, -155, 14
62416, 110, -155, 19
62439, 92, -145, 17
62460, 54, -106, 9
62483, 43, -93, 5
62505, 61, -97, 3
62528, 93, -116, 5
62550, 117, -135, 10
62572, 122, -139, 16
62595, 113, -134, 22
62617, 103, -126, 25
62639, 100, -117, 22
62661, 98, -109, 18
62684, 99, -104, 10
62706, 99, -99, 8
62728, 97, -93, 6
62750, 96, -86, 7
62783, 88, -76, 11
62812, 82, -72, 14
62837, 76, -68, 13
62859, 83, -74, 9
62881, 95, -83, 5
62904, 102, -91, 2
62925, 109, -96, -1
62948, 138, -114, 14
62970, 129, -117, 32
62992, 90, -106, 34
63026, 54, -100, 17
63048, 57, -97, 1
63070, 76, -103, -13
63092, 111, -125, -19
63115, 121, -138, -7
63153, 97, -143, 30
63174, 75, -132, 44
63197, 66, -124, 36
63219, 68, -115, 23
63257, 72, -116, 3
63280, 70, -114, 0
63302, 64, -111, -5
63325, 59, -106, -7
63346, 54, -101, -4
63369, 49, -102, 2
63391, 61, -121, 15
63417, 72, -131, 18
63439, 78, -131, 16
63462, 79, -129, 16
63483, 103, -141, 19
63506, 123, -156, 22
63528, 109, -141, 17
63551, 86, -119, 11
63572, 61, -97, 7
63595, 67, -94, 5
63618, 93, -107, 4
63639, 124, -134, 10
63662, 119, -130, 16
63684, 105, -125, 21
63706, 97, -117, 24
63728, 94, -110, 23
63751, 92, -104, 21
63772, 92, -99, 17
63795, 92, -93, 10
63817, 88, -86, 9
63840, 85, -80, 9
63861, 80, -74, 9
63884, 75, -70, 12
63906, 72, -67, 12
63928, 74, -68, 12
63950, 84, -74, 9
63978, 91, -81, 7
64004, 92, -86, 11
64026, 109, -98, 13
64049, 131, -112, 19
64071, 137, -125, 27
64104, 111, -131, 25
64125, 71, -118, 6
64148, 68, -114, -10
64171, 84, -118, -18
64193, 104, -131, -17
64216, 105, -137, -4
64237, 98, -142, 19
64292, 66, -114, 29
64315, 68, -101, 14
64337, 70, -95, 2
64359, 74, -93, -2
64381, 73, -90, -2
64404, 72, -89, -4
64427, 69, -92, -2
64476, 66, -97, 8
64498, 61, -99, 15
64521, 65, -101, 12
64542, 70, -103, 7
64565, 77, -112, 9
64593, 115, -135, 11
64619, 127, -152, 22
64642, 132, -159, 24
64663, 106, -139, 23
64686, 70, -110, 17
64708, 55, -100, 14
64731, 71, -113, 20
64753, 101, -129, 23
64776, 121, -138, 30
64797, 130, -142, 41
64820, 130, -143, 48
64842, 117, -132, 49
64865, 109, -121, 45
64887, 104, -110, 36
64910, 103, -110, 36
64931, 103, -118, 43
64954, 87, -99, 37
64976, 77, -93, 39
64999, 65, -95, 41
65020, 61, -98, 43
65043, 54, -99, 45
65065, 56, -105, 53
65088, 48, -106, 57
65111, 32, -103, 69
65138, 23, -96, 69
65164, 18, -75, 56
65186, 12, -68, 48
65209, 9, -64, 45
65230, 5, -62, 56
65253, 2, -73, 77
65275, 2, -83, 90
65298, 0, -74, 91
65320, 0, -69, 84
65342, 3, -71, 84
65364, 2, -69, 85
65387, 3, -68, 83
65409, 1, -70, 86
65457, -8, -78, 104
65479, 2, -69, 85
65502, 3, -67, 77
65523, -3, -67, 94
65546, -10, -75, 110
65568, -12, -76, 105
65591, -17, -76, 94
65613, -19, -88, 84
65635, -16, -97, 75
65674, -11, -80, 72
65696, -6, -78, 68
65719, -23, -84, 85
65740, -13, -91, 93
65769, -25, -87, 92
65795, -20, -87, 84
65817, -27, -86, 94
65839, -21, -81, 88
65861, -10, -79, 82
65895, -20, -80, 94
65917, -19, -82, 98
65940, -7, -79, 92
65961, -7, -74, 77
