1035, -35, -40, 112
1073, -30, -34, 116
1116, -19, -23, 101
1131, -16, -25, 98
1145, -10, -23, 96
1161, -9, -22, 96
1175, -12, -13, 117
1190, -11, -13, 127
1205, -1, -27, 128
1220, 4, -36, 127
1234, 12, -40, 124
1250, 13, -33, 120
1264, 16, -35, 116
1280, 11, -19, 113
1294, 13, -19, 112
1309, 12, -21, 120
1324, 13, -20, 123
1339, 15, -23, 129
1367, 11, -23, 130
1381, 10, -24, 125
1396, 7, -25, 122
1411, -2, -27, 126
1426, -9, -34, 138
1440, -14, -36, 148
1456, -18, -38, 149
1470, -17, -36, 146
1489, -13, -30, 144
1504, -5, -25, 150
1519, -4, -25, 153
1533, -1, -27, 156
1549, -4, -26, 140
1563, -9, -24, 131
1579, -19, -22, 113
1593, -24, -20, 103
1608, -27, -16, 92
1623, -26, -16, 94
1638, -27, -22, 104
1652, -27, -27, 111
1668, -29, -31, 122
1682, -30, -35, 134
1697, -30, -35, 129
1712, -29, -34, 102
1755, -33, -32, 90
1770, -33, -31, 93
1798, -38, -27, 102
1813, -39, -25, 94
1827, -35, -22, 90
1843, -34, -17, 77
1857, -32, -13, 73
1872, -31, -11, 70
1887, -31, -9, 79
1923, -30, -18, 89
1937, -30, -19, 84
1952, -32, -22, 81
1967, -32, -27, 87
1982, -34, -31, 95
1996, -40, -37, 110
2012, -40, -37, 122
2027, -45, -43, 130
2041, -56, -59, 127
2057, -59, -61, 120
2071, -61, -61, 110
2086, -56, -50, 109
2102, -34, -24, 114
2116, -23, -13, 120
2131, -9, -6, 130
2146, -9, -5, 130
2161, -10, -2, 126
2176, -20, -2, 117
2191, -24, -3, 107
2219, -29, -23, 119
2233, -27, -33, 129
2248, -20, -45, 141
2263, -17, -48, 143
2278, -13, -42, 133
2292, -8, -35, 122
2312, -6, -28, 105
2326, -6, -21, 104
2341, -8, -24, 111
2356, -6, -24, 113
2371, -6, -19, 123
2385, -6, -18, 124
2428, 5, -19, 112
2481, 11, -30, 123
2496, 10, -24, 129
2510, 8, -18, 134
2526, 8, -11, 134
2540, 9, -8, 134
2555, 9, -13, 127
2570, 5, -4, 125
2585, 6, -18, 113
2599, 5, -28, 123
2614, 3, -40, 131
2629, -3, -33, 142
2643, -14, -42, 151
2659, -19, -41, 164
2686, -14, -22, 166
2701, -13, -13, 162
2716, -7, -21, 157
2731, -12, -20, 158
2746, -15, -17, 155
2777, -25, -17, 131
2795, -28, -19, 118
2810, -29, -22, 114
2825, -30, -26, 116
2840, -28, -31, 123
2854, -26, -34, 126
2870, -25, -36, 124
2884, -25, -33, 114
2899, -26, -29, 109
2914, -27, -22, 98
2929, -29, -20, 95
2944, -29, -20, 87
2958, -27, -23, 87
2973, -27, -29, 87
2988, -28, -35, 90
3003, -28, -35, 89
3017, -29, -30, 85
3033, -28, -26, 79
3047, -27, -22, 71
3062, -24, -24, 66
3077, -19, -28, 68
3133, -29, -16, 91
3147, -32, -15, 97
3163, -31, -15, 111
3177, -31, -24, 113
3192, -26, -39, 120
3212, -40, -51, 114
3226, -45, -54, 109
3241, -46, -49, 115
3256, -43, -35, 122
3271, -32, -23, 122
3286, -14, -16, 124
3301, -10, -18, 124
3315, -5, -20, 115
3331, -5, -23, 107
3345, -15, -19, 102
3360, -21, -17, 104
3375, -32, -15, 123
3390, -32, -19, 131
3404, -28, -23, 132
3420, -18, -35, 131
3435, -11, -45, 125
3449, -5, -50, 111
3464, -1, -46, 103
3479, -1, -40, 89
3493, 0, -36, 89
3509, 0, -33, 93
3536, 3, -35, 113
3551, 8, -40, 123
3599, 11, -16, 124
3613, 13, -3, 129
3632, 17, -3, 130
3647, 19, -3, 130
3661, 20, -3, 130
3677, 23, -9, 127
3691, 23, -10, 124
3706, 27, -8, 117
3721, 26, -6, 117
3736, 22, 5, 128
3750, 19, 8, 133
3765, 15, 9, 140
3808, 4, -6, 138
3823, -7, -15, 140
3837, -12, -21, 151
3853, -12, -18, 160
3867, -10, -13, 172
3883, -7, -10, 181
3897, -6, -11, 181
3912, -7, -25, 164
3927, -7, -32, 158
3942, -11, -44, 137
3956, -13, -45, 127
3972, -16, -42, 118
3998, -23, -23, 124
4014, -25, -15, 131
4028, -24, -16, 129
4043, -23, -17, 125
4062, -21, -15, 118
4077, -26, -21, 108
4091, -25, -23, 106
4107, -27, -26, 96
4121, -26, -25, 95
4136, -27, -26, 94
4151, -28, -25, 95
4165, -27, -25, 95
4180, -30, -20, 94
4195, -30, -21, 95
4210, -28, -21, 89
4225, -26, -22, 81
4239, -22, -21, 69
4254, -17, -20, 65
4269, -14, -19, 63
4284, -12, -21, 69
4298, -14, -24, 73
4314, -20, -21, 86
4328, -23, -22, 87
4343, -25, -22, 92
4358, -25, -30, 93
4388, -25, -47, 111
4416, -53, -52, 122
4431, -58, -48, 124
4474, -24, -7, 124
4493, -3, -11, 122
4508, 0, -19, 111
4523, -3, -19, 106
4538, -13, -12, 110
4552, -20, -8, 113
4568, -25, -11, 118
4582, -30, -26, 133
4597, -28, -32, 137
4612, -18, -38, 136
4627, -13, -38, 135
4642, -7, -34, 129
4657, -5, -32, 129
4672, -4, -30, 121
4686, -4, -26, 114
4701, -4, -23, 111
4716, -2, -15, 105
4730, 0, -11, 104
4746, 1, -9, 108
4760, 2, -14, 111
4775, 8, -16, 132
4790, 8, -19, 140
4805, 9, -15, 142
4819, 11, -6, 139
4847, 16, 2, 119
4861, 19, 0, 116
4877, 21, -3, 117
4895, 22, -7, 126
4911, 21, -6, 132
4925, 19, -4, 130
4940, 18, -2, 121
4955, 16, -5, 118
4969, 17, -8, 121
4984, 16, -9, 126
4999, 14, -10, 134
5014, 1, -11, 147
5028, -8, -14, 152
5044, -8, -7, 156
5058, -9, -4, 155
5072, -5, -4, 154
5116, -3, -15, 168
5131, -4, -18, 164
5145, -9, -25, 145
5160, -13, -28, 130
5175, -17, -26, 107
5190, -18, -23, 101
5221, -19, -14, 105
5235, -19, -12, 112
5251, -23, -9, 132
5278, -25, -15, 144
5293, -22, -24, 129
5308, -20, -27, 123
5322, -17, -27, 103
5342, -19, -24, 97
5356, -21, -24, 97
5371, -24, -22, 96
5386, -25, -19, 97
5401, -27, -18, 97
5415, -27, -15, 95
5431, -27, -16, 92
5445, -23, -17, 88
5460, -22, -20, 86
5475, -20, -25, 79
5490, -17, -24, 77
5505, -15, -23, 79
5519, -17, -21, 80
5534, -20, -18, 81
5549, -23, -17, 84
5564, -26, -17, 90
5578, -25, -24, 101
5594, -26, -29, 105
5608, -29, -37, 112
5623, -40, -42, 114
5638, -49, -47, 113
5653, -51, -41, 106
5667, -49, -33, 108
5695, -18, -13, 120
5709, -12, -9, 119
5729, -8, -10, 113
5743, -15, -6, 107
5786, -30, -11, 125
5837, -11, -32, 126
5853, -8, -36, 124
5867, -3, -38, 122
5881, -3, -36, 117
5897, -3, -29, 108
5911, -3, -26, 105
5926, -4, -24, 106
5941, -4, -23, 109
5955, -4, -23, 112
5970, -4, -21, 123
5985, -2, -21, 127
6000, 1, -20, 139
6014, 3, -20, 139
6029, 7, -22, 135
6061, 10, -11, 126
6075, 10, -8, 126
6089, 11, -4, 127
6105, 14, 0, 126
6119, 15, 1, 125
6134, 15, -3, 125
6161, 15, -6, 128
6176, 16, -15, 131
6191, 15, -8, 121
6209, 14, -8, 131
6223, 10, -8, 136
6238, -7, -13, 146
6252, -9, -8, 148
6266, -9, 4, 152
6281, -7, 11, 153
6295, -3, 14, 156
6309, -1, 12, 163
6325, -1, 11, 165
6339, -3, 4, 162
6353, -5, -8, 153
6368, -8, -16, 141
6382, -12, -20, 121
6396, -14, -19, 117
6411, -16, -11, 114
6425, -18, -8, 120
6468, -22, -12, 147
6482, -20, -17, 134
6497, -19, -18, 127
6511, -19, -18, 122
6525, -20, -22, 114
6540, -20, -25, 112
6555, -23, -29, 110
6582, -23, -30, 106
6596, -26, -25, 109
6610, -26, -23, 108
6629, -28, -19, 106
6643, -29, -19, 107
6658, -28, -21, 99
6672, -28, -19, 96
6687, -27, -20, 92
6702, -26, -16, 79
6716, -24, -14, 76
6730, -24, -12, 68
6745, -23, -12, 68
6759, -25, -14, 71
6773, -27, -13, 75
6788, -29, -11, 81
6802, -29, -15, 94
6816, -28, -17, 99
6848, -21, -26, 107
6862, -32, -41, 94
6877, -34, -46, 86
6891, -34, -44, 81
6905, -27, -33, 90
6920, -23, -27, 96
6935, -18, -30, 117
6949, -20, -37, 124
6964, -22, -38, 128
6990, -26, -10, 112
7005, -26, 0, 112
7023, -24, 1, 123
7038, -16, -22, 135
7053, -11, -31, 145
7068, -4, -43, 150
7083, -2, -41, 143
7127, 4, -25, 107
7141, 7, -31, 110
7156, 10, -36, 115
7171, 11, -30, 126
7186, 13, -24, 129
7200, 13, -15, 134
7216, 10, 3, 146
7230, 11, 6, 148
7245, 14, -1, 141
7260, 17, -8, 137
7275, 22, -17, 126
7289, 23, -22, 117
7305, 23, -17, 115
7319, 19, -14, 119
7334, 15, -10, 124
7349, 9, -2, 128
7364, 4, 0, 129
7378, -3, 0, 111
7394, -9, 2, 102
7421, -31, 8, 89
7436, -30, 14, 96
7451, -20, 8, 132
7470, -24, 18, 175
7485, -25, 13, 199
7500, -29, 2, 187
7515, -29, 5, 164
7530, -30, 5, 142
7544, -32, -3, 117
7560, -32, -4, 113
7574, -33, -7, 114
7589, -35, -13, 120
7604, -39, -30, 138
7636, -37, -30, 150
7651, -35, -18, 148
7666, -35, -1, 146
7681, -35, -3, 144
7696, -32, -17, 130
7710, -30, -25, 119
7726, -27, -26, 110
7740, -26, -15, 110
7784, -25, 6, 124
7798, -25, 2, 132
7814, -23, 4, 131
7829, -21, 6, 126
7843, -16, 7, 110
7871, -14, 1, 107
7885, -12, 3, 110
7905, -11, 2, 131
7919, -12, 0, 141
7934, -12, -1, 149
7949, -10, 0, 143
7964, -6, 6, 127
7979, -6, 9, 119
7994, -7, 12, 116
8008, -7, 11, 116
8024, -9, 10, 115
8038, -10, 4, 115
8053, -12, 0, 117
8068, -16, 5, 125
8083, -20, 3, 127
8097, -20, 7, 123
8113, -20, 7, 123
8127, -21, 0, 110
8142, -22, 0, 103
8157, -22, -2, 97
8172, -22, -6, 93
8186, -23, -8, 93
8202, -24, -21, 98
8216, -22, -23, 101
8231, -28, -28, 115
8246, -28, -26, 114
8273, -29, -21, 97
8289, -26, -23, 95
8303, -23, -29, 90
8323, -22, -34, 92
8337, -20, -46, 101
8352, -18, -48, 107
8367, -24, -51, 125
8382, -25, -50, 129
8396, -22, -49, 119
8457, -19, -51, 85
8471, -16, -47, 92
8486, -13, -43, 101
8501, -6, -35, 121
8516, -7, -36, 128
8530, -11, -45, 127
8546, -9, -48, 119
8560, -14, -44, 99
8576, -15, -40, 97
8590, -16, -39, 105
8605, -17, -47, 109
8620, -14, -53, 114
8635, -13, -64, 131
8649, -12, -65, 132
8665, -6, -58, 122
8679, -4, -55, 113
8694, -1, -45, 110
8722, 0, -40, 118
8736, 1, -37, 125
8756, -2, -35, 128
8770, -5, -35, 126
8785, -6, -34, 124
8800, -1, -28, 113
8815, 0, -24, 109
8829, 4, -20, 106
8845, 4, -18, 110
8859, 3, -20, 125
8875, 3, -22, 130
8889, 1, -24, 137
8903, 1, -25, 136
8919, 2, -22, 134
8933, 4, -14, 123
8948, 5, -12, 119
8963, 8, -16, 119
8978, 9, -19, 119
8992, 9, -23, 121
9008, 9, -21, 121
9022, 10, -16, 123
9036, 6, -15, 126
9052, 3, -5, 130
9095, -5, 2, 146
9109, -4, -8, 152
9124, -5, -18, 155
9152, -15, -40, 151
9166, -15, -27, 141
9182, -16, -18, 138
9194, -15, -11, 139
9208, -14, -5, 147
9224, -13, -5, 153
9290, -25, -12, 120
9306, -29, -8, 109
9321, -32, -2, 102
9335, -33, -4, 105
9351, -33, -8, 115
9365, -32, -16, 136
9380, -33, -20, 147
9395, -29, -26, 146
9410, -29, -24, 141
9424, -26, -19, 120
9440, -26, -17, 112
9454, -27, -11, 100
9469, -28, -13, 96
9484, -27, -14, 97
9499, -28, -26, 99
9513, -26, -29, 98
9529, -23, -31, 98
9543, -26, -29, 95
9559, -25, -21, 88
9573, -25, -17, 86
9601, -26, -9, 72
9615, -23, -9, 68
9634, -20, -12, 67
9649, -20, -11, 70
9664, -20, -11, 78
9678, -20, -9, 85
9693, -18, -15, 95
9708, -17, -21, 97
9722, -16, -23, 97
9738, -15, -25, 98
9752, -18, -26, 101
9796, -34, -33, 119
9810, -40, -40, 123
9826, -33, -43, 123
9840, -24, -37, 121
9856, -3, -24, 128
9870, 3, -18, 131
9884, 3, -14, 132
9900, 0, -13, 124
9914, -2, -13, 120
9929, -10, -24, 110
9944, -12, -30, 103
9959, -15, -36, 98
9973, -14, -40, 98
9989, -9, -41, 103
10003, -2, -40, 124
10031, -1, -26, 157
10049, 0, -24, 163
10082, 4, -37, 135
10096, 6, -36, 119
10112, 11, -29, 105
10126, 16, -19, 91
10141, 16, -17, 92
10156, 15, -18, 102
10171, 15, -20, 112
10185, 14, -20, 132
10201, 13, -20, 137
10215, 16, -15, 126
10230, 18, -13, 117
10245, 20, -11, 109
10260, 27, -11, 108
10274, 27, -11, 115
10290, 26, -9, 122
10304, 24, -5, 126
10319, 18, -1, 135
10334, 16, 0, 136
10349, 17, -4, 126
10363, 17, -6, 120
10379, 16, -7, 118
10393, 0, -15, 126
10408, -2, -15, 132
10451, -8, -5, 169
10482, -1, -5, 171
10498, 3, -2, 157
10512, 3, -1, 146
10527, -2, -3, 126
10542, -6, -6, 120
10557, -12, -11, 112
10571, -16, -14, 111
10587, -21, -21, 113
10601, -21, -23, 118
10616, -25, -28, 126
10631, -25, -30, 126
10646, -26, -32, 123
10660, -24, -32, 125
10676, -24, -31, 126
10690, -21, -28, 125
10705, -21, -28, 125
10720, -24, -29, 125
10735, -25, -30, 125
10749, -28, -36, 120
10765, -29, -37, 117
10779, -30, -34, 114
10795, -32, -27, 108
10809, -32, -24, 103
10824, -31, -12, 95
10860, -25, -12, 74
10888, -18, -12, 65
10902, -19, -13, 63
10917, -22, -15, 67
10932, -23, -15, 67
10947, -25, -19, 74
10961, -24, -22, 76
10977, -23, -27, 85
10991, -24, -31, 88
11005, -22, -34, 95
11021, -33, -39, 103
11035, -43, -45, 102
11051, -48, -44, 99
11065, -48, -40, 99
11080, -31, -20, 108
11123, -2, -4, 121
11139, -3, -3, 116
11153, -8, 1, 109
11167, -16, 2, 111
11183, -30, -9, 131
11197, -31, -22, 139
11212, -29, -33, 142
11227, -19, -45, 144
11242, -12, -49, 142
11260, -1, -51, 139
11276, 3, -40, 135
11290, 3, -34, 133
11318, -2, -20, 133
11332, -1, -16, 130
11347, 4, -15, 118
11362, 6, -14, 114
11377, 8, -13, 114
11392, 11, -14, 121
11407, 12, -14, 123
11421, 10, -8, 131
11437, 12, -3, 134
11451, 13, 1, 128
11466, 15, 0, 123
11481, 20, 2, 112
11495, 22, 3, 111
11510, 22, 7, 115
11525, 18, 12, 121
11540, 15, 13, 128
11554, 9, 12, 133
11570, 8, 14, 130
11584, 10, 12, 123
11598, 9, 11, 125
11614, 5, 7, 136
11628, 2, 4, 146
11660, -12, -16, 160
11679, -11, -15, 161
11694, -12, -11, 168
11709, -3, -8, 171
11736, 1, -2, 170
11751, 5, 0, 164
11794, -9, -14, 135
11808, -11, -15, 124
11824, -14, -7, 112
11838, -14, -2, 109
11853, -17, 1, 118
11868, -19, -2, 127
11883, -20, -11, 141
11897, -20, -17, 142
11913, -20, -28, 141
11927, -20, -30, 141
11942, -20, -31, 139
11957, -20, -28, 126
11972, -21, -27, 120
11986, -22, -24, 110
12002, -23, -23, 104
12016, -24, -20, 99
12030, -24, -20, 98
12046, -23, -14, 96
12060, -23, -15, 93
12080, -22, -12, 86
12094, -20, -12, 81
12109, -19, -10, 75
12124, -20, -10, 71
12139, -16, -7, 67
12166, -13, -9, 65
12181, -15, -14, 64
12195, -14, -17, 64
12211, -15, -20, 67
12225, -14, -22, 69
12240, -13, -22, 72
12255, -14, -22, 82
12269, -14, -21, 92
12284, -27, -27, 108
12299, -34, -33, 112
12314, -38, -37, 116
12328, -38, -35, 113
12344, -35, -29, 111
12358, -19, -12, 114
12374, -12, -10, 120
12388, -1, -13, 127
12431, -6, -19, 117
12446, -11, -17, 116
12478, -18, -17, 141
12497, -16, -24, 146
12512, -5, -32, 147
12526, 1, -33, 144
12541, 4, -31, 134
12556, 6, -25, 129
12571, 6, -21, 119
12585, 6, -23, 117
12613, 13, -28, 124
12627, 14, -29, 128
12643, 14, -19, 140
12657, 15, -15, 141
12673, 15, -13, 139
12687, 17, -9, 129
12701, 18, -9, 126
12717, 23, -3, 125
12731, 23, 1, 128
12746, 26, 2, 137
12761, 27, 0, 136
12775, 28, -1, 137
12790, 28, -5, 132
12805, 28, -3, 130
12820, 23, 5, 128
12834, 22, 8, 128
12849, 21, 15, 128
12864, 19, 15, 131
12878, 12, 8, 141
12897, 9, 9, 152
12911, -1, 6, 162
12925, -4, 5, 159
12940, -8, 10, 155
12954, -8, 14, 153
12968, -11, 16, 155
12984, -9, 11, 169
13049, -7, -23, 161
13064, -17, -22, 132
13079, -20, -18, 115
13093, -21, -11, 100
13136, -22, -11, 120
13151, -24, -12, 133
13165, -26, -15, 147
13179, -27, -23, 163
13194, -29, -28, 161
13208, -26, -33, 143
13222, -25, -33, 128
13237, -24, -32, 117
13252, -23, -26, 98
13266, -23, -21, 92
13298, -23, -13, 84
13313, -23, -9, 85
13327, -24, -6, 84
13345, -23, 1, 80
13360, -23, 4, 80
13374, -21, 1, 74
13388, -21, 0, 74
13403, -18, -9, 72
13417, -17, -11, 70
13431, -18, -10, 67
13446, -19, -7, 63
13460, -22, -6, 61
13488, -26, -12, 90
13502, -27, -16, 99
13516, -30, -27, 113
13531, -33, -35, 113
13545, -37, -45, 106
13559, -39, -56, 93
13574, -39, -53, 85
13588, -33, -35, 84
13603, -30, -21, 91
13618, -23, -11, 105
13632, -12, -4, 132
13646, -7, -8, 141
13661, -5, -20, 147
13675, -8, -24, 143
13689, -12, -26, 132
13704, -20, -22, 111
13723, -23, -18, 106
13737, -21, -23, 114
13782, -1, -59, 155
13796, 5, -61, 161
13811, 5, -52, 156
13826, 7, -36, 138
13841, 7, -29, 128
13855, 11, -21, 117
13871, 13, -23, 117
13885, 13, -23, 119
13930, 15, -17, 136
13944, 16, -16, 135
13960, 15, -13, 130
13974, 15, -9, 125
13989, 16, -1, 123
14004, 15, 1, 125
14019, 13, 4, 125
14033, 13, 5, 123
14049, 13, 5, 122
14063, 10, 4, 123
14097, 4, 9, 118
14111, 4, 13, 115
14127, 3, 14, 115
14141, 2, 15, 121
14156, -2, 12, 139
14171, -9, 9, 146
14183, -14, 6, 154
14198, -21, 1, 162
14213, -21, 0, 165
14228, -16, 2, 161
14243, -12, -1, 159
14258, 0, -5, 156
14272, 3, -6, 157
14287, 1, -17, 158
14302, -5, -23, 157
14317, -11, -26, 153
14345, -22, -15, 125
14359, -23, -1, 109
14374, -22, 1, 106
14389, -22, -2, 110
14404, -25, -13, 129
14418, -26, -20, 137
14462, -30, -33, 154
14477, -30, -34, 145
14492, -30, -33, 133
14507, -28, -32, 115
14522, -29, -30, 108
14536, -31, -27, 97
14552, -31, -25, 93
14566, -31, -19, 87
14585, -30, -15, 84
14600, -29, -8, 83
14615, -28, -5, 82
14629, -23, -5, 80
14645, -21, -6, 80
14659, -19, -8, 80
14674, -18, -10, 81
14689, -18, -13, 79
14704, -21, -14, 78
14718, -22, -15, 81
14734, -25, -21, 78
14748, -24, -24, 80
14776, -24, -34, 89
14791, -31, -36, 93
14806, -38, -39, 98
14821, -39, -37, 103
14835, -35, -29, 109
14851, -31, -26, 111
14883, -4, -6, 100
14899, 2, -10, 103
14913, 6, -16, 108
14928, 3, -32, 116
14943, -3, -36, 118
14958, -18, -37, 116
14972, -25, -33, 113
14992, -28, -31, 114
15006, -21, -35, 122
15022, -5, -47, 143
15036, 0, -52, 150
15051, 6, -51, 165
15066, 7, -42, 167
15081, 5, -30, 155
15125, 14, -27, 116
15140, 18, -31, 109
15155, 22, -40, 103
15170, 26, -39, 108
15184, 22, -32, 122
15200, 21, -24, 132
15227, 18, -14, 137
15242, 20, -13, 131
15257, 25, -18, 116
15271, 28, -17, 114
15287, 28, -15, 111
15301, 25, -13, 114
15316, 22, 0, 124
15332, 20, 4, 127
15346, 17, 7, 124
15362, 17, 9, 117
15376, 18, 11, 111
15391, 18, 6, 109
15404, 17, 1, 111
15419, 11, -6, 124
15433, 3, -9, 128
15449, -2, -10, 133
15463, -10, -7, 145
15478, -12, -2, 148
15493, -6, 5, 152
15508, -3, 9, 157
15522, 0, 8, 161
15538, -1, 2, 166
15552, 1, -4, 164
15567, -2, 6, 160
15582, -3, 6, 151
15597, -13, 3, 129
15611, -17, 0, 116
15639, -15, -9, 93
15672, -13, -8, 114
15687, -13, -7, 145
15702, -14, -15, 164
15717, -15, -28, 188
15732, -18, -35, 184
15747, -15, -37, 171
15790, -7, -38, 98
15805, -7, -35, 93
15819, -11, -23, 96
15839, -14, -16, 100
15853, -18, -1, 102
15868, -17, -1, 107
15883, -14, -9, 103
15898, -12, -14, 99
15912, -7, -21, 92
15928, -4, -21, 88
15942, -2, -21, 84
15958, -3, -20, 88
15972, -4, -19, 91
15987, -6, -18, 91
16002, -6, -16, 91
16016, -7, -15, 92
16031, -7, -12, 94
16046, -9, -16, 92
16073, -12, -19, 81
16089, -12, -22, 79
16103, -9, -26, 83
16118, -10, -42, 95
16133, -15, -52, 99
16148, -18, -59, 105
16162, -17, -51, 112
16178, -15, -39, 117
16192, -7, -18, 120
16207, -1, -9, 126
16226, 7, -3, 143
16241, 14, -14, 152
16256, 15, -21, 148
16271, 15, -27, 137
16285, 12, -31, 111
16300, 12, -29, 102
16315, 15, -34, 97
16329, 15, -39, 103
16345, 19, -50, 125
16359, 23, -51, 130
16374, 26, -48, 140
16389, 28, -45, 154
16432, 24, -25, 133
16508, 25, -19, 108
16524, 23, -17, 113
16539, 23, -13, 115
16567, 21, -10, 116
16581, 23, -9, 106
16596, 23, -7, 97
16611, 24, -1, 85
16626, 23, 0, 85
16641, 21, 1, 88
16655, 18, -1, 97
16670, 18, -3, 106
16685, 18, -10, 127
16704, 18, -16, 128
16718, 20, -15, 125
16734, 21, -15, 119
16748, 22, -12, 119
16763, 23, -12, 122
16778, 20, -14, 133
16793, 17, -19, 135
16807, 5, -34, 135
16823, 0, -38, 130
16837, 0, -27, 116
16852, 1, -21, 111
16867, 4, -16, 115
16882, 12, -12, 135
16897, 15, -11, 147
16912, 18, -8, 156
16926, 13, -8, 152
16942, 5, 0, 133
16968, -1, 2, 110
16984, -4, 8, 92
16998, -6, 6, 89
17013, -10, -9, 111
17028, -12, -18, 122
17043, -13, -22, 140
17057, -16, -29, 170
17073, -17, -33, 177
17091, -15, -34, 165
17106, -12, -37, 137
17149, -13, -28, 107
17164, -16, -23, 107
17179, -21, -19, 109
17193, -23, -17, 110
17209, -23, -12, 110
17223, -22, -13, 108
17239, -16, -14, 96
17253, -12, -15, 89
17286, -7, -17, 74
17301, -9, -20, 75
17315, -12, -22, 79
17331, -13, -24, 85
17345, -18, -28, 94
17360, -20, -31, 96
17375, -22, -33, 97
17390, -28, -33, 95
17417, -44, -34, 97
17432, -45, -31, 100
17446, -44, -21, 105
17462, -37, -18, 113
17476, -30, -18, 126
17491, -25, -16, 132
17511, -19, -10, 124
17525, -16, -8, 118
17540, -20, -13, 103
17555, -24, -19, 94
17569, -29, -31, 82
17585, -32, -37, 80
17599, -35, -43, 102
17614, -35, -43, 118
17629, -30, -32, 136
17644, -26, -25, 144
17658, -23, -21, 146
17674, -15, -19, 132
17688, -11, -15, 124
17703, -9, -11, 114
17718, -8, -8, 114
17733, -9, -10, 118
17747, -10, -10, 122
17763, -10, -15, 124
17806, -3, -26, 123
17820, -1, -21, 122
17848, 0, -12, 119
17862, 0, -13, 123
17878, 1, -18, 130
17892, 2, -19, 131
17911, 3, -16, 130
17926, 4, -12, 127
17941, 3, -4, 120
17955, 3, 0, 118
17971, 5, 2, 124
17985, 5, 0, 130
17999, 7, -6, 139
18015, 7, -8, 143
18029, 8, -8, 147
18063, 4, 4, 158
18077, -1, 1, 157
18093, -10, -8, 156
18107, -10, -8, 157
18122, -8, -7, 158
18137, -10, -8, 171
18152, -8, -10, 177
18166, -6, -4, 170
18182, -2, 0, 163
18196, 1, 4, 146
18211, -1, 4, 138
18226, -9, -2, 126
18241, -15, -4, 120
18268, -26, -8, 115
18283, -28, -11, 118
18297, -31, -18, 128
18313, -32, -19, 133
18331, -29, -19, 137
18347, -29, -17, 142
18362, -28, -23, 142
18376, -28, -29, 136
18391, -27, -36, 117
18406, -26, -36, 111
18420, -27, -32, 99
18436, -29, -29, 96
18479, -32, -11, 84
18493, -31, -8, 82
18508, -31, -12, 82
18523, -29, -16, 82
18538, -27, -20, 79
18552, -26, -19, 77
18568, -25, -17, 77
18582, -24, -13, 79
18597, -25, -10, 79
18612, -25, -11, 80
18627, -25, -17, 74
18641, -23, -20, 68
18657, -21, -23, 65
18671, -23, -26, 66
18699, -29, -21, 92
18713, -29, -21, 104
18733, -31, -28, 115
18747, -31, -31, 114
18762, -43, -44, 104
18777, -46, -47, 99
18792, -50, -37, 95
18806, -50, -30, 102
18840, -36, -18, 148
18854, -20, -14, 160
18870, -14, -8, 151
18884, -9, -1, 125
18898, -11, 0, 110
18914, -16, 2, 103
18928, -28, 1, 101
18944, -32, -5, 109
18958, -37, -23, 134
18973, -36, -30, 144
18988, -28, -30, 167
19003, -23, -33, 175
19017, -11, -32, 167
19033, -6, -31, 154
19047, -3, -26, 135
19062, 0, -13, 108
19077, 1, -11, 102
19091, 1, -9, 104
19151, -1, -16, 150
19166, 2, -15, 145
19181, 4, -12, 136
19195, 7, -3, 119
19210, 8, 4, 114
19225, 6, 13, 118
19239, 6, 18, 123
19255, 5, 23, 126
19269, 6, 20, 129
19283, 8, 12, 134
19299, 9, 2, 135
19313, 10, 0, 131
19329, 6, 1, 129
19343, 7, 2, 129
19357, 2, -1, 134
19373, -1, -5, 138
19387, -12, -12, 143
19402, -17, -14, 144
19417, -19, -11, 142
19432, -20, -1, 139
19446, -20, 2, 137
19461, -19, 9, 134
19476, -18, 12, 134
19490, -16, 18, 137
19506, -16, 18, 135
19520, -17, 17, 134
19551, -28, 9, 116
19566, -33, 8, 108
19580, -35, 5, 109
19648, -37, -22, 159
19662, -35, -23, 153
19677, -35, -22, 142
19691, -36, -23, 136
19706, -38, -21, 119
19721, -39, -20, 109
19735, -39, -20, 102
19749, -41, -15, 95
19764, -39, -16, 94
19778, -40, -16, 97
19792, -38, -17, 98
19835, -33, -23, 99
19851, -32, -19, 93
19865, -32, -16, 92
19879, -31, -15, 90
19894, -29, -13, 83
19908, -28, -14, 83
19922, -28, -20, 80
19937, -27, -20, 78
19951, -28, -18, 78
19965, -29, -15, 78
19984, -28, -10, 85
20011, -27, -16, 92
20026, -22, -23, 98
20040, -23, -28, 98
20055, -22, -30, 99
20069, -25, -26, 92
20083, -27, -24, 92
20098, -32, -34, 95
20112, -36, -41, 101
20126, -35, -50, 106
20141, -35, -52, 114
20156, -35, -45, 119
20170, -28, -31, 121
20185, -24, -23, 125
20199, -19, -18, 123
20213, -7, -8, 119
20228, -4, -7, 120
20242, -3, -7, 124
20256, -8, -8, 124
20272, -11, -11, 119
20286, -21, -23, 112
20300, -24, -27, 114
20315, -23, -30, 129
20329, -22, -34, 140
20347, -11, -43, 151
20363, -7, -48, 155
20397, 1, -33, 132
20424, 2, -25, 114
20440, -1, -14, 112
20454, -4, -14, 119
20497, -4, -20, 124
20512, -2, -21, 118
20527, -1, -15, 115
20542, 0, -3, 120
20556, 0, 1, 126
20572, 0, 0, 133
20586, 0, 0, 138
20601, 0, 0, 132
20616, 0, 0, 125
20631, 0, 0, 121
20645, 0, 0, 110
20661, -1, 2, 112
20675, -5, -1, 119
20690, -7, -4, 125
20705, -9, -4, 132
20720, -12, -3, 133
20734, -28, -10, 135
20750, -31, -11, 132
20764, -33, -12, 129
20780, -27, -2, 139
20799, -25, 0, 155
20813, -23, -2, 161
20829, -27, -14, 162
20855, -30, -15, 139
20871, -29, -17, 118
20885, -28, -16, 111
20900, -29, -7, 103
20916, -30, 0, 108
20930, -34, 8, 118
20945, -36, 13, 123
20960, -37, 14, 126
20975, -40, 14, 136
20989, -38, 12, 136
21005, -36, 7, 136
21019, -35, 4, 135
21035, -35, -1, 137
21049, -33, -7, 137
21064, -31, -14, 138
21079, -31, -17, 135
21094, -31, -17, 133
21138, -30, 2, 109
21152, -28, 3, 103
21168, -25, 5, 97
21201, -20, 2, 103
21221, -17, 2, 107
21236, -17, 5, 106
21251, -17, 11, 106
21266, -17, 12, 103
21293, -12, -6, 96
21308, -11, -7, 95
21323, -11, -7, 96
21338, -13, -3, 96
21353, -16, 4, 91
21367, -17, 8, 91
21383, -19, 10, 90
21397, -21, 9, 90
21412, -22, 5, 92
21427, -21, -5, 91
21442, -22, -10, 91
21456, -21, -15, 93
21472, -21, -17, 93
21487, -22, -18, 95
21501, -21, -20, 96
21517, -20, -24, 107
21531, -21, -30, 116
21547, -21, -36, 120
21561, -20, -34, 115
21576, -20, -30, 108
21592, -22, -22, 104
21610, -26, -29, 109
21625, -27, -32, 114
21640, -26, -40, 126
21655, -28, -40, 131
21669, -22, -31, 133
21685, -21, -26, 130
21712, -12, -22, 120
21727, -12, -23, 120
21742, -12, -24, 122
21757, -13, -24, 124
21772, -12, -24, 126
21815, -6, -39, 127
21830, -2, -42, 130
21844, 0, -41, 132
21860, 0, -36, 130
21874, 0, -30, 130
21890, -6, -17, 128
21905, -8, -13, 125
21919, -14, -6, 118
21935, -13, -8, 119
21968, -13, -20, 139
21984, -12, -23, 139
21998, -10, -26, 140
22013, -9, -27, 131
22032, -12, -25, 120
22047, -11, -23, 118
22062, -15, -20, 117
22077, -16, -22, 118
22091, -15, -29, 112
22107, -15, -31, 107
22121, -13, -32, 104
22149, -14, -17, 114
22164, -17, -10, 121
22178, -16, -9, 119
22193, -15, -8, 117
22208, -12, -12, 105
22222, -10, -14, 101
22238, -7, -16, 100
22252, -7, -12, 105
22267, -9, -5, 118
22282, -11, -5, 121
22297, -14, -8, 122
22311, -16, -12, 117
22327, -18, -14, 115
22342, -29, -26, 109
22356, -33, -27, 104
22372, -32, -13, 108
22386, -29, -6, 122
22406, -28, 12, 152
22420, -21, 7, 178
22435, -16, 3, 180
22478, -12, -31, 120
22493, -16, -35, 85
22508, -16, -32, 74
22522, -16, -27, 72
22538, -18, -21, 89
22552, -16, -21, 104
22580, -7, -42, 134
22594, -4, -49, 140
22609, 0, -57, 142
22624, 2, -53, 138
22639, 5, -36, 115
22653, 10, -35, 109
22669, 0, -24, 111
22683, 1, -20, 111
22699, 0, -19, 114
22732, 6, -25, 109
22747, 6, -19, 106
22762, 6, -21, 105
22776, 8, -16, 107
22792, 4, -9, 114
22806, 4, -10, 119
22821, 2, -18, 124
22840, 3, -18, 123
22855, 3, -29, 116
22870, 2, -31, 115
22885, -6, -48, 112
22899, -12, -59, 111
22915, -1, -57, 118
22929, 4, -45, 127
22944, 6, -28, 136
22959, 1, -12, 145
22974, 1, -12, 142
23001, 9, -10, 120
23016, 13, -3, 108
23030, 5, -9, 95
23046, 2, -13, 92
23060, -7, -32, 93
23074, -6, -36, 98
23090, -4, -40, 103
23104, -2, -43, 107
23148, 3, -29, 94
23200, 6, -32, 83
23215, 9, -37, 83
23230, 10, -38, 88
23244, 9, -47, 92
23260, 7, -47, 94
23274, 5, -43, 94
23292, 5, -39, 93
23308, 6, -42, 87
23322, 6, -41, 86
23337, 7, -33, 80
23352, 5, -35, 88
23367, 3, -45, 106
23382, 2, -49, 117
23396, 0, -50, 122
23411, 9, -43, 118
23426, 12, -39, 112
23441, 2, -37, 95
23469, -9, -40, 84
23483, -12, -42, 93
23498, -10, -39, 101
23532, -14, -50, 132
23546, -16, -42, 137
23562, -21, -34, 149
23576, -16, -34, 150
23591, -10, -40, 146
23606, -7, -51, 136
23621, -5, -48, 134
23635, -3, -36, 119
23651, -7, -35, 114
23665, -1, -23, 114
23681, -2, -33, 117
23699, 0, -34, 120
23714, -2, -33, 120
23729, -2, -34, 112
23744, -2, -35, 107
23758, 1, -47, 104
23773, 4, -47, 110
23788, 3, -32, 124
23802, 1, -23, 127
23845, 1, -23, 132
23861, 0, -40, 122
23875, -1, -43, 114
23890, 2, -39, 101
23934, 5, -47, 100
23950, 3, -61, 106
23964, 16, -46, 108
23980, 28, -21, 93
23994, -34, -48, 109
24009, -24, -36, 120
24025, -3, -26, 129
24039, -1, -36, 125
24054, -2, -50, 118
24069, -6, -72, 108
24084, -15, -79, 113
24098, -12, -55, 114
24114, -6, -53, 116
24133, -8, -46, 111
24147, -11, -49, 117
24163, -4, -55, 128
24177, -9, -56, 129
24193, -6, -57, 118
24207, -5, -54, 109
24222, -5, -49, 94
24237, -5, -44, 89
24252, -6, -42, 95
24266, -3, -43, 101
24301, -1, -37, 115
24315, -7, -27, 99
24331, -13, -33, 94
24357, -11, -52, 95
24373, -12, -57, 94
24387, -20, -68, 94
24402, 13, -92, 185
24417, -6, -67, 90
24432, -5, -60, 93
24446, -10, -53, 108
24462, -9, -57, 104
24476, -6, -56, 103
24491, -8, -48, 108
24535, -8, -46, 108
24549, 0, -39, 105
24568, -1, -44, 117
24583, -17, -24, 133
24597, -30, -35, 148
24612, -17, -51, 105
24627, -12, -50, 106
24642, -9, -60, 106
24656, -6, -57, 103
24672, -5, -53, 106
24686, -4, -39, 111
24701, -6, -41, 136
24716, -17, -27, 99
24731, -15, -30, 120
24745, -13, -27, 130
24761, -11, -30, 125
24787, -3, -40, 105
24803, -2, -42, 103
24817, 3, -40, 111
24832, 11, -35, 96
24847, 6, -27, 102
24861, 0, -17, 117
24877, -4, -14, 121
24891, -6, -8, 119
24906, 5, -16, 94
24921, -1, -7, 118
24940, -2, -9, 123
24954, 0, -7, 136
24969, 1, -8, 139
24984, 5, -17, 93
24998, 6, -9, 89
25013, 5, -2, 117
25028, 3, -2, 127
25062, 8, -7, 118
25077, 9, -6, 113
25092, 10, -8, 115
25107, 11, -10, 117
25121, 5, -8, 119
25136, 2, -9, 120
25151, 2, -9, 119
25194, 4, -1, 114
25222, 5, -2, 111
25236, 4, 0, 109
25250, 2, -13, 122
25266, -4, -12, 126
25280, 4, -9, 117
25295, 5, -8, 112
25310, 4, -7, 119
25324, -5, -7, 129
25339, 4, 6, 112
25354, 8, 7, 113
25369, 4, -3, 113
25383, 4, -5, 120
25402, 4, -7, 116
25417, 4, -7, 115
25432, 4, -9, 116
25447, 3, -8, 122
25461, 2, -3, 119
25476, 5, -2, 114
25491, 5, -3, 114
25505, 3, -3, 121
25520, 3, -5, 119
25535, 5, -6, 117
25549, 3, -6, 117
25565, 3, -5, 119
25579, 4, -4, 118
25593, 4, -4, 118
25609, 4, -4, 116
25635, 4, -4, 118
25651, 5, -4, 118
25665, 4, -5, 118
25679, 4, -5, 117
25695, 4, -5, 117
25709, 4, -4, 117
25724, 4, -4, 117
25739, 3, -3, 118
25753, 5, -4, 119
25768, 3, -4, 118
25783, 4, -3, 118
25798, 4, -4, 117
25865, 3, -4, 116
25879, 3, -4, 117
25894, 3, -4, 117
25909, 4, -5, 118
25923, 4, -4, 117
25938, 4, -5, 117
25953, 4, -4, 117
25968, 4, -4, 117
25982, 3, -5, 117
25997, 4, -4, 117
26012, 3, -4, 117
26027, 5, -3, 118
26041, 4, -4, 118
26068, 4, -4, 116
26083, 3, -4, 117
26098, 4, -5, 117
26113, 4, -4, 120
26128, 3, -4, 118
26142, 4, -4, 119
26157, 4, -4, 117
26172, 4, -3, 118
26186, 4, -4, 117
26202, 3, -5, 116
26216, 5, -3, 118
26230, 4, -5, 117
26246, 4, -4, 118
26260, 4, -4, 117
26278, 4, -5, 117
26293, 3, -5, 118
26307, 5, -4, 119
26321, 4, -4, 117
26336, 4, -4, 117
26350, 4, -4, 117
26364, 3, -5, 117
26380, 4, -5, 117
26394, 3, -4, 116
26408, 4, -4, 118
26423, 3, -5, 117
26437, 3, -4, 117
26451, 4, -4, 117
26507, 3, -5, 117
26558, 4, -5, 118
26572, 4, -4, 117
26588, 3, -5, 117
26602, 5, -3, 119
26616, 3, -6, 117
26650, 3, -4, 117
26664, 4, -3, 118
26679, 4, -4, 117
26693, 4, -4, 117
26707, 3, -4, 118
26722, 4, -4, 118
26736, 4, -4, 118
26750, 4, -5, 116
26769, 4, -5, 117
26783, 4, -4, 117
26798, 4, -3, 115
26812, 4, -4, 118
26826, 3, -5, 118
26842, 4, -4, 117
26856, 4, -4, 117
26870, 4, -4, 119
26885, 3, -4, 118
26899, 3, -5, 117
26913, 4, -4, 118
26940, 3, -3, 117
26954, 4, -5, 117
26969, 4, -4, 117
26983, 4, -4, 116
26997, 4, -3, 118
27012, 4, -3, 116
27026, 3, -5, 117
27040, 4, -4, 117
27056, 4, -5, 116
27070, 5, -4, 118
27084, 4, -4, 116
27099, 4, -4, 117
27113, 4, -4, 116
27127, 5, -3, 117
27142, 5, -5, 117
27185, 4, -4, 117
27203, 4, -4, 118
27218, 4, -3, 117
27233, 5, -3, 119
27247, 4, -5, 118
27262, 4, -4, 118
27277, 3, -5, 117
27292, 4, -4, 117
27307, 3, -4, 118
27322, 5, -3, 118
27336, 4, -4, 117
27364, 4, -3, 117
27399, 3, -5, 118
27414, 4, -3, 118
27428, 4, -3, 118
27444, 4, -3, 118
27458, 4, -3, 117
27473, 4, -5, 118
27488, 4, -4, 118
27503, 4, -4, 118
27517, 3, -4, 117
27533, 3, -4, 119
27547, 4, -4, 118
27563, 3, -6, 117
27577, 3, -5, 117
27592, 4, -4, 116
27607, 3, -4, 117
27622, 4, -4, 117
27634, 4, -4, 117
27650, 4, -5, 117
27664, 3, -4, 116
27678, 4, -3, 117
27694, 5, -4, 117
27708, 4, -4, 117
27723, 4, -4, 117
27738, 4, -4, 117
27753, 5, -4, 117
27767, 3, -5, 117
27795, 3, -5, 117
27809, 5, -4, 117
27852, 4, -5, 118
27868, 5, -4, 117
27882, 4, -4, 117
27897, 4, -4, 117
27912, 5, -3, 118
27927, 4, -5, 119
27941, 3, -4, 118
27957, 3, -5, 116
27971, 4, -5, 118
27986, 4, -3, 117
28001, 4, -4, 118
28016, 4, -5, 116
28030, 5, -4, 117
28046, 4, -4, 118
28075, 4, -3, 118
28092, 4, -5, 117
28108, 3, -4, 117
28126, 4, -4, 118
28163, 4, -4, 117
28180, 4, -4, 116
28196, 4, -4, 118
28214, 3, -5, 117
28243, 3, -4, 117
28260, 5, -5, 117
28277, 4, -3, 118
28294, 4, -4, 117
28311, 3, -5, 117
28328, 4, -4, 117
28345, 3, -4, 117
28362, 3, -4, 117
28379, 3, -4, 118
28396, 5, -3, 118
28412, 4, -5, 119
28430, 3, -5, 117
28446, 4, -3, 119
28464, 4, -4, 118
28481, 4, -5, 117
28497, 3, -4, 117
28542, 4, -4, 117
28560, 4, -5, 117
28576, 4, -4, 116
28598, 4, -4, 117
28614, 3, -4, 117
28632, 4, -5, 116
28648, 3, -4, 117
28665, 4, -4, 117
28683, 3, -4, 116
28699, 3, -5, 117
28729, 4, -4, 117
28745, 4, -5, 117
28763, 4, -4, 117
28780, 3, -5, 117
28796, 4, -4, 119
28814, 3, -3, 119
28830, 2, -4, 116
28848, 3, -4, 118
28864, 4, -4, 117
28881, 4, -4, 117
28898, 3, -5, 117
28915, 4, -4, 116
28933, 4, -4, 117
28949, 5, -4, 118
28966, 4, -4, 120
28983, 3, -4, 117
29021, 3, -3, 118
29037, 4, -4, 117
29054, 4, -3, 119
29071, 4, -3, 118
29092, 4, -4, 117
29110, 4, -4, 117
29126, 3, -4, 117
29144, 3, -3, 119
29161, 4, -5, 117
29177, 4, -3, 117
29207, 3, -6, 118
29224, 4, -5, 116
29242, 4, -4, 117
29259, 3, -4, 119
29305, 3, -5, 118
29322, 4, -4, 117
29339, 4, -4, 117
29357, 4, -4, 118
29374, 4, -3, 117
29391, 3, -4, 116
29408, 4, -3, 118
29425, 5, -4, 118
29443, 4, -5, 118
29460, 4, -3, 117
29476, 4, -5, 116
29494, 3, -4, 117
29511, 4, -4, 118
29529, 4, -4, 118
29546, 3, -5, 118
29563, 4, -4, 118
29580, 4, -5, 118
29601, 4, -4, 118
29619, 3, -4, 117
29636, 3, -3, 118
29652, 4, -4, 116
29670, 5, -3, 119
29700, 4, -5, 116
29717, 4, -3, 118
29734, 3, -4, 117
29752, 3, -4, 116
29768, 4, -4, 117
29786, 3, -4, 118
29803, 4, -5, 118
29820, 4, -4, 117
29837, 4, -4, 117
29875, 4, -4, 117
29892, 3, -4, 117
29910, 4, -5, 117
29927, 4, -5, 117
29943, 4, -4, 116
29961, 3, -5, 118
29978, 3, -4, 117
29996, 4, -4, 119
30012, 3, -4, 118
30058, 3, -4, 117
30075, 4, -5, 117
30093, 4, -4, 117
30109, 4, -5, 117
30131, 4, -4, 117
30148, 3, -5, 117
30166, 3, -4, 116
30182, 3, -4, 118
30247, 3, -4, 117
30265, 4, -4, 118
30281, 4, -4, 119
30299, 3, -4, 117
30316, 4, -3, 119
30333, 5, -4, 118
30351, 4, -4, 118
30367, 3, -4, 116
30385, 4, -4, 118
30402, 4, -5, 117
30419, 4, -4, 118
30436, 4, -4, 117
30453, 4, -5, 117
30471, 4, -4, 118
30488, 4, -4, 117
30504, 3, -4, 117
30522, 3, -4, 117
30539, 3, -5, 117
30557, 3, -4, 117
30573, 3, -3, 118
30590, 3, -4, 116
30608, 3, -4, 117
30624, 4, -4, 118
30646, 4, -4, 119
30663, 5, -4, 118
30681, 4, -3, 117
30710, 3, -4, 117
30727, 4, -4, 117
30765, 4, -4, 117
30782, 3, -4, 118
30799, 3, -4, 117
30816, 4, -4, 117
30862, 3, -5, 118
30879, 5, -3, 117
30896, 3, -5, 117
30913, 4, -4, 118
30930, 4, -3, 118
30948, 3, -5, 117
30964, 4, -5, 117
30982, 4, -3, 119
30999, 4, -3, 117
31015, 4, -5, 118
31033, 4, -4, 118
31050, 3, -4, 117
31068, 3, -4, 118
31084, 3, -4, 117
31101, 4, -5, 117
31119, 3, -4, 116
31136, 4, -4, 117
31153, 3, -5, 116
31174, 3, -4, 118
31192, 4, -4, 118
31221, 4, -4, 118
31239, 5, -3, 118
31255, 4, -4, 117
31272, 5, -4, 118
31290, 3, -4, 117
31307, 3, -5, 118
31324, 3, -4, 117
31341, 4, -4, 119
31358, 3, -4, 117
31376, 4, -5, 116
31392, 3, -4, 118
31410, 4, -4, 118
31427, 4, -5, 117
31443, 4, -2, 118
31461, 4, -4, 118
31478, 3, -3, 116
31496, 3, -2, 120
31513, 3, -4, 118
31529, 4, -4, 117
31547, 3, -4, 118
31592, 4, -4, 117
31609, 3, -4, 117
31647, 3, -4, 117
31664, 3, -5, 118
31681, 4, -4, 116
31715, 3, -5, 117
31732, 3, -4, 117
31750, 3, -4, 117
31767, 4, -4, 117
31783, 3, -5, 116
31801, 4, -5, 116
31818, 4, -3, 119
31836, 5, -3, 119
31852, 4, -4, 118
31869, 4, -4, 117
31887, 5, -3, 118
31904, 4, -4, 117
31921, 4, -4, 119
31938, 4, -5, 116
31955, 3, -5, 117
31973, 4, -3, 116
31989, 4, -4, 117
32007, 4, -4, 118
32024, 4, -4, 117
32040, 3, -4, 117
32058, 4, -5, 117
32075, 3, -4, 118
32093, 3, -5, 117
32109, 3, -4, 117
32126, 3, -4, 118
32144, 4, -4, 119
32160, 3, -4, 118
32194, 3, -5, 118
32211, 4, -4, 118
32229, 4, -3, 117
32246, 4, -5, 118
32263, 3, -3, 118
32280, 3, -4, 117
32297, 4, -4, 116
32314, 3, -4, 116
32360, 3, -4, 117
32376, 3, -4, 117
32394, 4, -4, 119
32411, 3, -5, 117
32429, 3, -4, 116
32445, 4, -3, 118
32462, 3, -4, 117
32500, 3, -5, 117
32518, 5, -4, 117
32535, 4, -6, 117
32551, 3, -5, 117
32569, 5, -3, 118
32586, 4, -4, 117
32604, 4, -4, 116
32620, 4, -3, 118
32637, 4, -5, 117
32655, 3, -5, 118
32672, 4, -4, 117
32702, 3, -5, 118
32722, 4, -4, 116
32740, 4, -5, 117
32757, 3, -5, 118
32775, 3, -5, 117
32791, 4, -5, 115
32808, 3, -4, 117
32826, 4, -3, 117
32842, 4, -3, 119
32860, 4, -4, 117
32877, 4, -5, 117
32894, 4, -3, 118
32911, 3, -4, 118
32928, 3, -4, 118
32946, 4, -3, 119
32963, 3, -5, 117
32979, 5, -4, 118
32997, 5, -4, 118
33014, 4, -4, 118
33031, 3, -4, 117
33048, 4, -4, 117
33065, 4, -4, 117
33111, 3, -4, 118
33128, 4, -4, 117
33145, 4, -5, 117
33162, 3, -4, 117
33191, 3, -4, 118
33208, 4, -4, 119
33229, 3, -4, 117
33246, 3, -5, 117
33263, 5, -5, 118
33280, 4, -4, 118
33297, 4, -3, 117
33313, 4, -4, 117
33351, 3, -4, 116
33368, 4, -4, 116
33385, 3, -4, 118
33401, 5, -4, 117
33419, 4, -3, 117
33435, 4, -4, 117
33453, 4, -3, 117
33469, 4, -5, 117
33486, 4, -4, 118
33503, 4, -4, 117
33520, 4, -4, 117
33537, 3, -4, 118
33554, 4, -3, 118
33570, 3, -4, 117
33588, 3, -3, 117
33604, 4, -4, 118
33622, 4, -3, 116
33638, 4, -4, 117
33668, 4, -4, 117
33684, 5, -5, 117
33701, 3, -4, 118
33722, 4, -4, 117
33739, 4, -4, 118
33756, 3, -5, 117
33773, 5, -3, 118
33789, 4, -3, 118
33807, 4, -4, 117
33823, 4, -4, 117
33868, 3, -4, 117
33886, 4, -3, 117
33902, 4, -4, 117
33920, 4, -4, 117
33936, 3, -5, 117
33953, 3, -3, 119
33970, 3, -4, 118
33987, 4, -3, 118
34003, 4, -5, 119
34020, 3, -4, 118
34037, 4, -4, 119
34054, 4, -4, 117
34071, 4, -4, 118
34087, 4, -3, 117
34105, 4, -5, 117
34121, 3, -4, 118
34151, 4, -4, 117
34167, 5, -4, 118
34243, 4, -4, 118
34260, 4, -5, 118
34281, 4, -4, 117
34297, 5, -4, 118
34314, 4, -4, 116
34331, 4, -5, 118
34348, 3, -5, 117
34364, 4, -3, 119
34380, 4, -3, 118
34397, 5, -4, 118
34413, 4, -4, 118
34429, 4, -3, 119
34447, 4, -3, 118
34463, 4, -4, 118
34480, 4, -4, 118
34496, 4, -4, 117
34512, 3, -4, 117
34529, 3, -3, 119
34545, 3, -4, 118
34562, 4, -3, 118
34579, 4, -4, 116
34595, 4, -4, 118
34639, 3, -4, 118
34669, 3, -4, 118
34685, 3, -5, 117
34702, 3, -5, 117
34718, 5, -4, 118
34735, 4, -3, 118
34751, 4, -4, 117
34771, 3, -4, 116
34788, 3, -3, 117
34805, 4, -4, 118
34822, 4, -5, 118
34838, 3, -4, 117
34854, 4, -4, 117
34871, 3, -4, 117
34887, 3, -5, 118
34904, 4, -5, 117
34920, 3, -4, 117
34937, 4, -4, 117
34954, 4, -3, 118
34970, 4, -4, 118
34987, 4, -4, 118
35003, 4, -4, 117
35019, 3, -4, 117
35075, 3, -5, 117
35091, 4, -4, 117
35107, 3, -4, 117
35125, 3, -4, 117
35153, 3, -4, 117
35170, 4, -4, 116
35186, 2, -5, 116
35203, 4, -4, 116
35219, 3, -4, 118
35235, 4, -4, 117
35253, 4, -3, 119
35273, 3, -4, 117
35291, 4, -4, 118
35307, 3, -4, 117
35324, 3, -4, 118
35341, 4, -5, 118
35358, 3, -4, 117
35403, 3, -4, 118
35420, 3, -4, 117
35437, 3, -4, 117
35453, 4, -5, 117
35471, 4, -4, 118
35488, 4, -3, 118
35505, 3, -4, 117
35522, 3, -4, 117
35538, 3, -4, 117
35556, 4, -5, 119
35572, 3, -3, 116
35590, 4, -4, 119
35607, 3, -5, 117
35637, 3, -4, 117
35653, 4, -5, 116
