1517, 0, 0, 0
1601, 77, 118, 9
1615, 73, 116, 10
1631, 66, 111, 10
1646, 64, 109, 7
1661, 61, 106, 7
1676, 56, 97, 3
1691, 55, 95, 2
1707, 52, 93, 1
1721, 53, 95, 1
1736, 52, 100, 1
1752, 49, 101, 2
1767, 48, 107, 9
1781, 49, 107, 8
1797, 52, 117, 7
1812, 51, 120, 7
1826, 52, 131, 8
1842, 49, 134, 10
1857, 47, 141, 15
1872, 50, 149, 15
1887, 52, 158, 12
1902, 56, 160, 9
1917, 57, 164, 8
1932, 61, 168, 13
1960, 75, 188, 25
1976, 64, 178, 23
1991, 40, 147, 12
2006, 34, 133, 9
2021, 36, 126, 5
2040, 57, 127, 2
2056, 75, 131, 2
2070, 85, 138, 4
2085, 96, 146, 11
2101, 94, 143, 11
2115, 85, 135, 12
2130, 80, 129, 10
2146, 74, 124, 7
2190, 71, 110, 2
2205, 72, 111, 1
2221, 72, 108, 2
2235, 74, 106, 1
2250, 76, 107, 4
2266, 78, 107, 7
2280, 76, 102, 9
2295, 74, 101, 7
2311, 74, 98, 7
2325, 74, 97, 6
2340, 71, 92, 6
2356, 71, 91, 8
2384, 74, 90, 8
2400, 78, 94, 6
2430, 92, 102, 1
2446, 91, 101, 1
2460, 92, 103, 3
2476, 110, 116, 3
2491, 110, 119, 5
2506, 104, 115, 12
2526, 95, 111, 14
2540, 76, 103, 7
2555, 74, 101, 1
2571, 79, 103, -8
2586, 80, 103, -12
2600, 82, 105, -16
2616, 82, 106, -15
2631, 77, 105, -12
2647, 71, 102, -8
2661, 63, 103, 2
2676, 62, 106, 7
2692, 61, 108, 10
2707, 63, 108, 12
2721, 67, 111, 9
2737, 72, 109, 6
2752, 76, 114, -1
2767, 79, 115, -3
2782, 80, 115, -4
2810, 75, 121, -3
2855, 57, 118, -7
2871, 53, 117, -10
2885, 49, 113, -13
2900, 50, 116, -13
2916, 51, 119, -13
2931, 55, 127, -9
2946, 57, 128, -6
2961, 60, 135, -3
2980, 83, 153, 1
2995, 95, 161, 6
3010, 93, 160, 8
3025, 84, 151, 10
3040, 65, 129, 6
3055, 61, 120, 7
3070, 59, 114, 8
3085, 62, 109, 5
3100, 68, 107, 4
3116, 75, 106, -1
3130, 81, 109, 2
3145, 85, 115, 12
3161, 85, 115, 15
3176, 82, 114, 25
3190, 80, 112, 29
3206, 80, 104, 28
3251, 75, 90, 24
3265, 76, 88, 23
3280, 80, 85, 21
3296, 84, 85, 18
3310, 96, 88, 17
3325, 98, 91, 18
3341, 98, 96, 21
3356, 96, 96, 22
3371, 96, 101, 22
3386, 95, 100, 22
3401, 86, 95, 20
3417, 81, 89, 19
3435, 78, 88, 19
3450, 80, 88, 20
3466, 84, 89, 13
3510, 93, 94, 0
3525, 90, 98, -1
3540, 90, 102, 2
3555, 87, 111, 7
3570, 85, 111, 8
3586, 83, 113, 5
3601, 82, 113, 3
3615, 81, 113, 1
3631, 77, 112, -2
3646, 77, 112, -1
3675, 68, 109, -2
3690, 67, 113, 3
3704, 66, 111, 3
3720, 70, 117, 4
3735, 70, 116, 1
3750, 68, 113, 2
3766, 67, 110, 4
3780, 69, 107, 4
3795, 70, 106, 2
3811, 72, 107, 0
3826, 74, 104, -3
3841, 73, 101, -1
3856, 68, 98, 0
3871, 69, 98, 3
3887, 68, 101, 5
3905, 64, 103, 7
3920, 63, 105, 9
3936, 62, 109, 14
3951, 62, 111, 18
3966, 61, 115, 19
3981, 61, 115, 18
3996, 63, 117, 16
4012, 65, 117, 15
4027, 64, 118, 13
4058, 67, 119, 11
4073, 66, 120, 8
4102, 63, 119, 13
4117, 60, 119, 15
4131, 58, 116, 13
4176, 58, 110, 9
4192, 57, 108, 8
4206, 57, 107, 8
4221, 60, 108, 10
4237, 64, 109, 11
4251, 67, 111, 11
4267, 68, 112, 10
4282, 70, 113, 10
4297, 71, 113, 14
4312, 71, 110, 14
4327, 74, 111, 12
4342, 76, 111, 13
4357, 77, 113, 13
4372, 78, 113, 11
4385, 82, 118, 12
4400, 80, 115, 11
4415, 80, 115, 10
4430, 89, 121, 17
4445, 90, 121, 17
4460, 95, 118, 17
4475, 97, 119, 19
4491, 98, 116, 16
4505, 93, 114, 15
4534, 73, 97, -1
4549, 66, 91, -5
4563, 53, 85, -11
4579, 53, 87, -11
4594, 57, 95, -7
4609, 60, 100, -7
4624, 67, 110, 0
4639, 70, 116, 3
4654, 71, 120, 5
4669, 71, 120, 8
4684, 73, 119, 9
4699, 69, 110, 2
4714, 68, 106, -2
4729, 66, 98, -6
4744, 64, 95, -8
4759, 66, 93, -11
4804, 64, 96, -13
4854, 58, 99, -4
4874, 57, 99, -3
4888, 59, 100, -4
4903, 56, 100, -6
4919, 56, 99, -8
4950, 54, 103, -4
4965, 56, 111, 1
4979, 60, 115, 1
5008, 65, 123, -1
5023, 65, 124, 2
5038, 56, 118, 1
5053, 58, 121, 5
5068, 91, 150, 15
5084, 102, 158, 19
5098, 109, 159, 14
5113, 100, 153, 5
5129, 88, 138, 4
5144, 85, 133, 7
5158, 92, 139, 20
5174, 96, 144, 25
5189, 97, 146, 25
5203, 94, 142, 21
5219, 91, 139, 22
5234, 76, 123, 19
5249, 70, 115, 18
5264, 60, 102, 13
5279, 59, 100, 11
5294, 57, 94, 6
5309, 57, 92, 1
5322, 56, 89, 1
5337, 49, 83, 0
5352, 45, 80, 2
5366, 42, 78, 6
5382, 44, 77, 8
5410, 53, 84, 9
5426, 57, 84, 8
5440, 63, 84, 6
5455, 68, 86, 6
5500, 86, 94, 1
5515, 89, 96, 1
5530, 97, 106, 3
5544, 102, 113, 6
5560, 103, 117, 9
5575, 111, 124, 11
5590, 127, 134, 16
5605, 131, 147, 25
5620, 125, 138, 29
5635, 94, 122, 24
5650, 79, 111, 17
5665, 64, 102, 0
5680, 69, 111, -8
5695, 81, 121, -22
5710, 82, 124, -25
5725, 83, 121, -20
5740, 78, 118, -12
5755, 73, 116, -4
5790, 57, 121, 21
5806, 56, 119, 21
5821, 56, 115, 15
5849, 63, 105, 3
5864, 63, 104, -3
5879, 61, 104, -6
5894, 58, 104, -5
5909, 56, 107, -2
5924, 51, 108, 2
5939, 48, 109, 3
5954, 43, 108, 0
5969, 42, 108, -4
5985, 43, 110, -8
5999, 46, 115, -9
6014, 52, 122, -8
6030, 59, 128, -8
6044, 69, 141, -5
6060, 71, 145, -2
6075, 69, 151, 7
6089, 75, 156, 9
6105, 94, 175, 12
6150, 70, 141, -7
6165, 61, 130, -10
6180, 61, 124, -11
6195, 69, 132, -8
6210, 86, 142, -5
6225, 95, 148, -4
6241, 96, 147, -2
6259, 91, 135, 1
6288, 79, 122, 2
6303, 73, 111, -2
6318, 72, 106, -6
6333, 76, 103, -12
6348, 76, 99, -13
6364, 76, 92, -14
6378, 76, 91, -11
6393, 75, 93, -7
6409, 77, 94, -4
6423, 78, 96, -3
6438, 74, 91, -1
6454, 73, 88, 1
6468, 75, 91, 0
6483, 78, 93, 1
6499, 72, 85, -3
6513, 70, 81, -4
6529, 70, 81, -6
6544, 74, 83, -4
6558, 84, 93, 0
6574, 87, 97, 0
6604, 90, 101, 5
6620, 113, 117, 8
6635, 122, 128, 12
6649, 119, 124, 16
6665, 90, 112, 18
6680, 83, 106, 17
6713, 94, 129, -4
6727, 98, 133, -12
6743, 101, 133, -15
6758, 98, 132, -15
6772, 94, 129, -9
6817, 70, 123, 18
6833, 67, 119, 16
6847, 61, 109, 3
6862, 58, 103, -4
6878, 52, 91, -11
6892, 47, 87, -14
6907, 40, 84, -12
6922, 38, 89, -8
6937, 37, 95, -2
6952, 37, 105, 9
6967, 39, 112, 12
6982, 41, 119, 17
6998, 44, 119, 19
7012, 48, 129, 17
7027, 48, 134, 14
7043, 50, 138, 11
7057, 48, 141, 13
7072, 53, 151, 14
7087, 53, 155, 15
7102, 56, 158, 14
7131, 82, 181, 16
7146, 86, 188, 16
7164, 66, 167, 7
7179, 58, 159, 4
7194, 54, 151, 1
7208, 61, 142, 1
7223, 67, 145, 2
7237, 81, 154, 4
7252, 85, 153, 2
7267, 87, 151, 2
7281, 84, 142, 3
7297, 78, 137, 2
7311, 72, 126, 1
7325, 70, 121, -1
7341, 69, 113, -6
7355, 68, 109, -7
7369, 68, 106, -6
7384, 71, 102, -4
7414, 74, 99, 1
7459, 77, 97, 2
7474, 74, 91, 1
7488, 71, 88, 2
7502, 69, 87, 2
7518, 68, 85, 2
7532, 72, 85, 2
7561, 83, 91, -5
7575, 87, 94, -5
7589, 96, 101, -1
7605, 95, 100, 0
7619, 93, 102, 2
7633, 92, 100, 1
7652, 108, 115, 2
7667, 109, 117, 5
7682, 93, 107, 14
7696, 91, 106, 17
7711, 85, 108, 16
7726, 84, 114, 15
7740, 86, 118, 10
7755, 89, 120, -2
7770, 91, 119, -10
7784, 89, 116, -18
7799, 86, 114, -12
7814, 76, 110, 0
7828, 74, 111, 5
7843, 74, 114, 13
7858, 75, 123, 19
7872, 75, 123, 20
7887, 70, 120, 13
7902, 67, 115, 11
7916, 61, 107, 3
7931, 59, 105, 0
7959, 57, 106, -5
7974, 57, 107, -5
7989, 55, 109, -4
8003, 55, 114, 0
8018, 51, 114, 3
8033, 48, 124, 10
8047, 48, 128, 9
8095, 58, 133, 0
8111, 61, 136, -1
8126, 64, 142, 0
8140, 63, 142, 2
8156, 60, 144, 12
8171, 67, 153, 16
8186, 90, 173, 18
8201, 91, 177, 16
8216, 74, 157, 9
8286, 89, 148, 12
8301, 94, 149, 13
8316, 98, 150, 13
8331, 97, 140, 13
8346, 95, 135, 11
8361, 86, 125, 7
8377, 84, 121, 5
8391, 78, 110, 0
8407, 78, 108, 1
8435, 76, 104, 1
8451, 76, 102, 5
8465, 76, 103, 7
8480, 77, 102, 9
8496, 77, 101, 11
8511, 77, 101, 10
8525, 77, 97, 11
8541, 78, 96, 13
8556, 76, 93, 13
8571, 77, 92, 15
8590, 77, 88, 12
8605, 84, 91, 9
8621, 87, 91, 7
8636, 98, 98, 4
8650, 101, 103, 4
8666, 101, 102, 3
8681, 93, 97, 3
8696, 88, 95, 3
8711, 84, 94, -1
8726, 95, 99, -3
8741, 88, 95, -1
8785, 86, 107, 6
8801, 85, 117, 1
8816, 86, 117, -5
8830, 87, 120, -14
8846, 87, 120, -16
8875, 81, 117, -7
8890, 78, 114, -4
8905, 75, 115, 5
8921, 74, 116, 9
8935, 71, 115, 12
8950, 67, 112, 10
8966, 62, 106, 3
8981, 59, 105, 0
8996, 59, 102, -5
9012, 58, 99, -7
9026, 59, 103, -5
9041, 58, 105, -4
9061, 58, 112, -2
9094, 57, 124, 4
9108, 56, 126, 2
9123, 56, 133, 3
9139, 55, 137, 1
9154, 60, 143, 2
9168, 63, 148, 2
9184, 68, 157, 1
9199, 68, 158, 2
9214, 61, 155, 3
9230, 57, 155, 6
9244, 72, 166, 10
9260, 87, 183, 10
9288, 69, 149, 2
9304, 62, 142, -3
9318, 57, 125, 0
9333, 64, 131, 3
9349, 79, 140, 7
9364, 87, 143, 7
9378, 100, 151, 10
9394, 100, 148, 9
9409, 97, 142, 12
9453, 75, 115, 7
9468, 72, 108, 3
9484, 74, 105, 2
9498, 73, 104, 0
9513, 76, 102, 3
9529, 78, 103, 5
9548, 78, 102, 10
9563, 80, 102, 9
9578, 82, 103, 9
9593, 80, 99, 12
9609, 80, 97, 11
9623, 78, 92, 15
9638, 75, 90, 13
9654, 75, 89, 13
9668, 78, 87, 12
9683, 81, 87, 10
9699, 89, 90, 7
9728, 98, 98, 8
9742, 98, 97, 7
9757, 89, 91, 7
9773, 86, 92, 7
9787, 106, 105, 6
9802, 105, 108, 6
9818, 97, 102, 8
9832, 79, 93, 10
9847, 75, 93, 12
9863, 75, 101, 9
9877, 79, 106, 7
9910, 91, 114, -10
9925, 94, 118, -15
9939, 92, 117, -15
9955, 87, 111, -8
9970, 83, 111, -3
9986, 79, 115, 5
10004, 77, 116, 5
10019, 75, 116, 4
10035, 71, 114, -4
10050, 69, 114, -7
10064, 66, 109, -9
10109, 59, 109, -10
10125, 59, 115, -12
10140, 62, 119, -9
10168, 61, 125, -5
10183, 60, 126, -4
10199, 62, 131, -4
10214, 65, 145, 0
10229, 67, 148, 0
10244, 69, 153, 4
10259, 68, 157, 3
10274, 65, 157, 5
10289, 65, 152, 5
10304, 58, 149, 10
10319, 66, 158, 12
10335, 94, 177, 15
10349, 91, 173, 13
10364, 66, 143, 6
10380, 60, 136, 4
10395, 58, 124, 4
10409, 66, 130, 4
10425, 83, 139, 10
10444, 89, 144, 11
10460, 96, 149, 16
10474, 99, 148, 16
10489, 98, 145, 19
10505, 94, 140, 18
10520, 87, 130, 17
10534, 82, 125, 14
10550, 81, 118, 10
10578, 81, 111, 8
10594, 83, 109, 10
10609, 83, 107, 10
10624, 83, 104, 11
10639, 83, 104, 12
10654, 84, 100, 15
10670, 81, 95, 14
10684, 81, 93, 14
10717, 79, 87, 12
10732, 80, 87, 12
10776, 96, 92, 2
10791, 100, 95, 2
10807, 104, 98, 5
10821, 104, 101, 4
10836, 97, 96, 5
10852, 98, 98, 3
10866, 112, 105, 1
10882, 105, 100, 3
10901, 83, 89, 9
10916, 76, 85, 14
10931, 75, 97, 8
10946, 77, 99, 2
10961, 88, 108, -10
10977, 95, 112, -15
10991, 98, 120, -21
11037, 82, 108, 1
11053, 74, 111, 12
11067, 71, 112, 16
11082, 70, 111, 15
11098, 72, 116, 8
11113, 74, 118, 5
11127, 70, 117, -1
11143, 69, 119, -2
11158, 67, 130, 2
11172, 64, 130, 4
11188, 62, 137, 6
11203, 61, 140, 7
11217, 55, 141, 6
11233, 53, 140, 6
11248, 47, 139, 1
11264, 46, 140, -2
11278, 47, 140, -5
11293, 49, 144, -9
11309, 53, 150, -9
11323, 58, 157, -9
11342, 60, 162, -4
11358, 58, 164, 0
11372, 54, 163, 8
11387, 66, 172, 12
11431, 66, 156, 6
11460, 54, 129, -1
11475, 69, 133, 1
11491, 79, 135, 4
11506, 94, 142, 7
11521, 98, 146, 9
11536, 103, 147, 10
11604, 82, 123, 11
11620, 81, 114, 9
11635, 82, 111, 7
11651, 83, 109, 8
11665, 84, 109, 7
11680, 82, 106, 10
11696, 84, 105, 10
11710, 83, 102, 12
11725, 81, 100, 14
11741, 79, 98, 14
11755, 76, 94, 15
11770, 76, 92, 16
11786, 74, 88, 16
11800, 76, 88, 14
11815, 83, 86, 13
11835, 92, 91, 14
11849, 97, 93, 13
11865, 100, 95, 13
11880, 102, 98, 9
11894, 98, 94, 8
11923, 118, 109, 6
11938, 100, 100, 4
11954, 90, 96, 5
11968, 71, 88, 5
11983, 65, 87, 4
11999, 69, 96, 0
12013, 83, 106, -12
12028, 90, 113, -18
12044, 100, 123, -22
12059, 100, 124, -22
12073, 91, 120, -16
12089, 87, 119, -8
12134, 68, 117, 0
12148, 67, 115, -1
12164, 64, 116, -7
12179, 63, 114, -8
12193, 62, 114, -10
12209, 58, 113, -8
12224, 57, 116, -4
12239, 54, 119, -1
12254, 55, 125, 2
12273, 51, 131, 3
12289, 44, 138, 4
12303, 44, 139, 1
12318, 49, 137, -2
12347, 59, 142, -2
12361, 71, 149, 1
12377, 73, 153, 4
12408, 68, 152, 7
12424, 62, 149, 11
12439, 74, 159, 13
12453, 92, 174, 11
12469, 82, 164, 11
12484, 53, 139, 2
12499, 49, 130, 0
12514, 59, 132, 8
12529, 70, 138, 8
12545, 92, 147, 7
12559, 101, 153, 8
12574, 108, 157, 7
12590, 105, 149, 10
12604, 100, 145, 13
12619, 89, 133, 11
12635, 82, 128, 10
12649, 78, 120, 5
12664, 79, 116, 5
12680, 75, 110, 3
12698, 75, 106, 1
12713, 77, 107, 2
12729, 76, 106, 3
12743, 77, 104, 7
12802, 79, 95, 6
12817, 82, 96, 3
12831, 78, 90, 3
12847, 77, 88, 2
12862, 79, 87, 3
12877, 86, 88, 4
12892, 91, 91, 4
12907, 102, 98, 0
12922, 105, 101, 1
12937, 99, 96, 0
12952, 93, 92, 1
12967, 107, 103, 2
12982, 109, 104, 2
12997, 88, 92, 6
13012, 81, 86, 6
13028, 72, 88, 8
13042, 75, 93, 4
13058, 80, 101, -1
13073, 97, 114, -12
13087, 102, 117, -15
13103, 106, 125, -20
13118, 104, 127, -17
13133, 90, 120, -7
13152, 81, 118, 7
13167, 80, 120, 12
13213, 73, 119, 3
13229, 71, 117, 0
13243, 62, 108, -8
13258, 58, 104, -9
13274, 55, 106, -7
13288, 54, 107, -4
13303, 54, 109, -3
13319, 54, 112, -5
13334, 54, 112, -4
13348, 56, 118, -4
13364, 57, 121, 0
13379, 58, 130, 2
13393, 61, 135, 2
13409, 67, 144, 1
13453, 68, 164, 10
13468, 62, 164, 14
13484, 50, 159, 18
13499, 61, 168, 20
13513, 84, 182, 10
13529, 76, 171, 8
13544, 63, 147, -3
13558, 57, 138, -6
13574, 62, 134, 2
13589, 68, 140, 5
13607, 80, 149, 13
13636, 95, 158, 16
13651, 95, 155, 15
13667, 88, 143, 12
13681, 84, 137, 11
13697, 80, 129, 7
13712, 81, 126, 6
13726, 82, 117, 2
13742, 84, 118, 4
13756, 83, 116, 4
13771, 83, 110, 6
13787, 83, 110, 9
13801, 83, 107, 9
13816, 85, 105, 8
13832, 84, 98, 9
13846, 88, 96, 11
13861, 93, 93, 9
13877, 92, 90, 3
13891, 91, 88, -1
13906, 94, 88, 0
13921, 96, 87, 6
13936, 97, 94, 11
13952, 98, 95, 14
13966, 101, 100, 16
13981, 103, 101, 14
14014, 109, 101, 15
14028, 112, 102, 24
14061, 75, 84, 28
14076, 68, 86, 20
14120, 90, 104, -8
14136, 94, 106, -12
14151, 101, 112, -13
14166, 103, 116, -8
14181, 98, 117, 5
14196, 95, 119, 9
14211, 92, 119, 17
14226, 87, 118, 20
14241, 76, 114, 21
14256, 72, 114, 17
14271, 70, 110, 14
14286, 65, 107, 1
14301, 65, 103, -3
14316, 65, 100, -9
14331, 66, 97, -10
14346, 71, 101, -8
14361, 73, 109, -7
14376, 75, 124, -1
14391, 72, 127, 2
14406, 68, 138, 5
14422, 68, 144, 3
14436, 67, 156, 3
14451, 69, 159, 1
14467, 69, 163, 1
14492, 63, 174, 0
14507, 60, 171, 4
14522, 50, 161, 11
14536, 47, 157, 14
14551, 64, 169, 17
14566, 77, 176, 14
14580, 62, 151, 6
14595, 59, 142, 4
14610, 57, 136, 4
14624, 64, 134, 3
14639, 73, 138, 4
14654, 87, 151, 12
14668, 94, 155, 17
14683, 97, 156, 21
14698, 100, 155, 25
14742, 90, 142, 25
14756, 85, 131, 22
14771, 84, 126, 22
14786, 85, 124, 19
14800, 90, 119, 15
14815, 93, 120, 12
14846, 94, 117, 13
14862, 95, 116, 17
14876, 97, 115, 19
14891, 97, 113, 22
14923, 95, 100, 19
14938, 96, 98, 19
14952, 94, 93, 16
14967, 94, 90, 12
14982, 99, 93, 6
14996, 105, 96, 2
15011, 106, 94, 0
15026, 103, 89, -1
15040, 99, 85, 1
15054, 94, 86, 6
15070, 91, 83, 4
15084, 102, 94, 4
15098, 105, 100, 4
15114, 99, 97, 7
15128, 79, 81, 8
15142, 74, 79, 9
15157, 78, 89, 8
15172, 83, 96, 4
15186, 90, 103, -2
15201, 103, 112, -12
15216, 107, 116, -14
15230, 108, 125, -10
15245, 103, 119, -7
15260, 92, 114, 4
15275, 85, 113, 9
15290, 83, 115, 14
15352, 74, 113, -4
15372, 72, 112, -7
15387, 70, 111, -4
15432, 66, 123, -6
15447, 64, 126, -2
15462, 65, 130, 0
15477, 67, 139, 0
15493, 70, 145, 1
15508, 72, 150, -1
15522, 76, 158, -1
15538, 83, 171, 8
15553, 82, 173, 11
15568, 74, 166, 20
15584, 69, 161, 19
15598, 73, 152, 22
15613, 93, 168, 28
15629, 107, 180, 31
15644, 88, 163, 29
15678, 55, 118, 20
15693, 63, 116, 21
15708, 75, 123, 21
15723, 91, 131, 24
15738, 98, 135, 26
15754, 112, 146, 32
15769, 113, 143, 31
15798, 104, 134, 27
15813, 101, 129, 25
15833, 97, 121, 20
15847, 94, 112, 15
15862, 91, 107, 13
15878, 92, 106, 13
15893, 91, 102, 8
15908, 91, 99, 11
15923, 91, 98, 11
15938, 91, 97, 13
15953, 91, 99, 15
15969, 92, 99, 16
15983, 91, 99, 20
15998, 91, 97, 19
16014, 89, 95, 18
16029, 89, 96, 18
16045, 92, 92, 15
16089, 106, 88, 6
16104, 107, 86, 5
16119, 104, 85, 9
16134, 101, 86, 7
16149, 113, 93, 7
16164, 113, 98, 11
16180, 103, 94, 12
16194, 88, 87, 13
16209, 81, 89, 10
16238, 107, 114, -5
16253, 119, 120, -12
16273, 126, 121, -15
16287, 120, 122, -11
16303, 112, 115, -8
16318, 101, 111, -1
16333, 82, 102, 6
16348, 76, 101, 8
16363, 70, 97, 7
16378, 70, 98, 4
16394, 69, 93, -5
16408, 69, 92, -6
16423, 69, 94, -3
16439, 71, 95, -1
16472, 80, 108, 1
16487, 80, 116, -7
16502, 80, 119, -8
16517, 76, 122, -7
16532, 76, 127, -7
16547, 75, 141, -12
16563, 73, 141, -14
16577, 69, 146, -8
16592, 68, 153, -5
16608, 71, 169, 3
16622, 74, 171, 6
16651, 68, 166, 15
16666, 68, 168, 17
16681, 101, 188, 18
16701, 79, 171, 11
16716, 67, 150, 9
16760, 77, 129, 2
16776, 88, 131, -3
16790, 91, 131, 0
16805, 97, 132, 7
16821, 100, 136, 12
16836, 97, 136, 18
16851, 95, 135, 22
16866, 85, 126, 22
16881, 83, 123, 21
16897, 81, 110, 15
16911, 80, 106, 12
16926, 81, 102, 8
16942, 81, 99, 8
16957, 83, 101, 10
16971, 84, 99, 8
16987, 85, 101, 8
17002, 90, 97, 11
17016, 91, 96, 10
17032, 93, 89, 13
17047, 94, 90, 14
17062, 99, 88, 13
17090, 110, 90, 9
17105, 113, 88, 7
17121, 117, 86, 7
17140, 119, 89, 7
17155, 122, 92, 6
17170, 122, 89, 5
17185, 120, 85, 3
17200, 133, 95, 5
17215, 140, 101, 8
17230, 119, 83, 6
17263, 102, 88, 12
17278, 116, 113, 6
17294, 122, 120, 3
17309, 127, 129, -7
17324, 125, 132, -7
17339, 113, 126, -8
17354, 103, 115, -5
17370, 83, 107, 2
17414, 62, 106, 2
17429, 63, 107, -2
17443, 58, 101, -9
17459, 54, 98, -8
17474, 47, 99, -4
17488, 47, 106, 1
17504, 48, 129, 11
17532, 44, 146, 21
17548, 41, 151, 21
17562, 39, 153, 21
17577, 39, 151, 14
17597, 38, 154, 10
17612, 38, 159, 12
17627, 47, 165, 16
17642, 49, 167, 17
17657, 53, 172, 19
17672, 51, 173, 22
17687, 61, 182, 27
17702, 69, 193, 28
17718, 47, 175, 19
17732, 39, 165, 11
17747, 39, 158, 11
17763, 50, 146, 7
17777, 57, 148, 10
17793, 67, 160, 18
17808, 77, 170, 25
17823, 109, 190, 29
17838, 116, 193, 29
17853, 108, 183, 26
17868, 98, 170, 22
17884, 81, 149, 18
17898, 79, 141, 15
17913, 77, 130, 10
17942, 77, 119, 10
17957, 79, 112, 13
17973, 81, 111, 15
17987, 91, 103, 12
18007, 98, 92, 8
18022, 100, 87, 4
18085, 106, 89, 6
18101, 114, 97, 24
18115, 117, 101, 33
18130, 114, 98, 38
18146, 113, 98, 39
18161, 116, 95, 30
18177, 128, 104, 24
18191, 137, 108, 22
18206, 113, 89, 23
18222, 107, 86, 16
18237, 108, 92, 11
18252, 118, 105, 1
18267, 125, 110, 0
18282, 129, 118, -1
18297, 126, 123, -3
18313, 119, 122, -4
18327, 90, 116, 2
18342, 79, 111, 2
18358, 56, 101, 2
18386, 44, 102, -1
18402, 43, 105, -4
18416, 40, 114, -16
18432, 35, 113, -20
18451, 31, 115, -11
18466, 30, 119, -5
18481, 31, 129, 0
18496, 31, 133, -2
18511, 30, 143, -3
18527, 27, 150, -3
18541, 21, 159, 2
18556, 22, 162, 3
18572, 27, 171, 0
18586, 31, 176, 0
18601, 33, 185, 2
18617, 30, 190, 4
18632, 23, 190, 6
18647, 16, 188, 14
18662, 32, 197, 20
18677, 24, 182, 3
18721, 34, 168, -6
18737, 47, 187, 7
18752, 56, 199, 17
18766, 69, 207, 25
18782, 70, 200, 25
18849, 58, 122, 2
18865, 58, 115, 0
18879, 58, 106, -1
18894, 58, 105, -1
18928, 65, 106, 1
18948, 71, 107, 1
18962, 77, 105, 3
18977, 80, 104, 5
18993, 85, 102, 4
19007, 91, 98, 2
19022, 94, 96, 1
19038, 99, 92, 1
19052, 104, 97, 3
19067, 109, 99, 6
19083, 110, 100, 7
19097, 109, 91, 13
19112, 100, 83, 14
19128, 119, 99, 13
19142, 116, 92, 11
19158, 105, 92, 12
19173, 110, 101, 11
19187, 114, 110, 10
19203, 126, 127, 2
19218, 131, 134, -3
19233, 137, 147, -7
19248, 132, 148, -9
19276, 91, 124, -1
19292, 63, 109, 1
19306, 53, 108, -1
19321, 43, 103, -8
19337, 40, 103, -7
19356, 36, 102, -8
19371, 34, 107, -4
19386, 30, 115, -5
19430, 21, 129, 1
19445, 12, 137, 1
19461, 9, 142, 2
19476, 9, 143, 3
19490, 11, 152, 7
19506, 15, 156, 7
19520, 18, 167, 3
19535, 21, 174, 5
19551, 20, 180, 14
19565, 15, 178, 20
19580, 18, 179, 26
19596, 38, 193, 30
19611, 35, 189, 16
19625, 36, 180, 9
19641, 51, 176, 7
19656, 63, 179, 12
19671, 78, 185, 16
19718, 103, 185, 32
19732, 98, 174, 29
19747, 88, 155, 21
19763, 82, 144, 18
19778, 68, 118, 6
19792, 64, 106, 0
19808, 59, 92, -4
19827, 59, 82, -6
19842, 60, 80, -5
19857, 66, 81, -6
19872, 67, 80, -5
19887, 68, 79, -5
19902, 76, 82, 2
19916, 80, 82, 5
19932, 92, 95, 11
19947, 98, 93, 14
19961, 105, 89, 13
19977, 109, 89, 14
19992, 114, 94, 20
20006, 112, 93, 20
20022, 105, 85, 11
20037, 101, 81, 2
20081, 105, 82, -7
20097, 109, 96, 0
20112, 114, 110, 0
20141, 135, 144, 1
20155, 143, 161, -6
20170, 139, 160, -10
20186, 111, 140, -9
20200, 94, 127, -3
20215, 78, 118, 0
20231, 54, 106, 5
20245, 49, 103, 7
20264, 47, 104, 5
20280, 43, 105, 0
20294, 41, 105, -2
20310, 32, 111, -2
20325, 27, 110, 3
20339, 16, 121, 19
20355, 11, 126, 28
20370, 9, 136, 30
20384, 10, 144, 27
20400, 10, 143, 21
20415, 12, 139, 15
20429, 15, 144, 19
20445, 18, 155, 28
20460, 15, 157, 33
20494, 8, 160, 36
20508, 10, 165, 35
20524, 33, 175, 39
20539, 34, 176, 30
20567, 47, 182, 29
20582, 51, 186, 35
20597, 64, 200, 48
20613, 70, 207, 51
20627, 77, 210, 56
20642, 75, 195, 59
20658, 72, 184, 55
20673, 66, 160, 42
20691, 63, 137, 30
20707, 62, 127, 24
20752, 59, 97, 14
20767, 60, 95, 13
20782, 65, 96, 15
20797, 68, 96, 17
20812, 71, 94, 18
20828, 73, 91, 17
20842, 74, 87, 17
20857, 78, 84, 11
20873, 83, 87, 14
20887, 93, 95, 12
20902, 98, 97, 15
20918, 103, 97, 14
20932, 105, 97, 13
20947, 101, 93, 15
20963, 98, 95, 15
20992, 131, 115, 14
21007, 117, 105, 11
21022, 107, 104, 19
21038, 112, 112, 17
21052, 114, 132, 15
21067, 119, 146, 11
21083, 126, 159, 1
21098, 123, 159, -3
21113, 104, 142, -7
21133, 70, 119, -1
21148, 59, 113, 1
21163, 38, 112, 6
21178, 31, 110, 7
21193, 27, 111, 7
21209, 24, 113, 7
21223, 23, 116, 8
21238, 17, 118, 8
21254, 14, 119, 9
21287, -1, 128, 13
21302, -3, 126, 14
21317, -12, 127, 15
21332, -12, 128, 16
21348, -15, 133, 19
21363, -14, 139, 22
21424, -14, 163, 39
21453, 24, 188, 49
21468, 12, 184, 42
21483, 15, 176, 34
21498, 23, 180, 33
21513, 51, 190, 41
21528, 60, 195, 47
21543, 69, 200, 51
21558, 70, 198, 51
21573, 68, 193, 49
21592, 58, 168, 41
21607, 50, 142, 31
21621, 48, 133, 26
21636, 48, 118, 18
21651, 45, 113, 14
21665, 46, 107, 10
21680, 48, 100, 8
21695, 53, 100, 9
21709, 56, 97, 12
21724, 56, 94, 12
21739, 60, 92, 13
21753, 63, 92, 15
21768, 65, 92, 15
21783, 69, 85, 15
21797, 73, 82, 15
21812, 82, 79, 16
21827, 87, 81, 16
21855, 102, 95, 20
21869, 105, 100, 22
21884, 98, 96, 18
21899, 93, 88, 15
21913, 104, 99, 9
21928, 123, 108, 9
21943, 120, 112, 7
21957, 112, 108, 9
21972, 119, 122, 12
21991, 128, 139, 10
22005, 129, 146, 8
22020, 128, 151, -1
22064, 99, 122, -22
22079, 80, 110, -12
22155, 44, 118, 1
22169, 39, 121, 2
22184, 28, 124, 13
22199, 22, 125, 18
22213, 8, 139, 20
22228, 3, 141, 17
22243, -2, 144, 14
22257, -2, 143, 14
22273, -1, 146, 14
22287, 0, 150, 15
22301, 3, 158, 23
22329, 9, 170, 33
22344, 10, 177, 34
22359, 7, 178, 38
22373, 5, 176, 39
22388, 16, 178, 36
22403, 38, 188, 39
22417, 34, 177, 28
22432, 42, 174, 27
22447, 53, 180, 22
22461, 69, 190, 22
22480, 85, 199, 31
22496, 90, 201, 33
22510, 95, 203, 39
22525, 91, 196, 42
22541, 78, 174, 37
22556, 71, 162, 34
22571, 66, 151, 29
22586, 61, 128, 18
22601, 61, 122, 13
22617, 66, 112, 4
22631, 70, 111, 4
22646, 74, 98, 2
22662, 75, 96, 4
22676, 75, 88, 5
22691, 74, 82, 5
22707, 76, 81, 8
22765, 87, 78, 6
22779, 94, 81, 7
22795, 96, 82, 7
22810, 100, 86, 9
22825, 98, 85, 9
22840, 93, 83, 10
22855, 94, 87, 8
22871, 111, 100, 9
22886, 102, 100, 7
22900, 104, 103, 12
22935, 118, 134, 9
22955, 125, 150, 2
22970, 124, 156, 0
22985, 114, 151, -8
23001, 103, 145, -9
23016, 77, 125, -8
23030, 67, 119, -2
23046, 56, 115, 6
23061, 52, 111, 6
23076, 50, 116, 8
23091, 50, 117, 6
23106, 47, 121, 9
23121, 47, 124, 13
23137, 43, 131, 20
23152, 34, 137, 28
23181, 10, 156, 38
23195, 9, 158, 33
23211, 16, 154, 31
23226, 19, 148, 27
23241, 18, 147, 19
23257, 17, 152, 19
23271, 13, 159, 32
23286, 14, 167, 39
23302, 5, 171, 50
23317, 0, 167, 54
23331, 8, 169, 55
23347, 42, 183, 46
23366, 46, 170, 29
23382, 54, 171, 24
23427, 101, 196, 44
23442, 109, 202, 49
23457, 109, 197, 52
23473, 105, 187, 47
23488, 87, 160, 39
23502, 82, 150, 35
23518, 75, 128, 24
23533, 75, 121, 18
23548, 75, 108, 5
23563, 75, 101, 0
23578, 78, 99, -1
23593, 77, 91, -7
23622, 79, 92, -2
23638, 81, 95, 1
23653, 76, 89, 6
23668, 76, 87, 11
23684, 74, 83, 15
23718, 87, 82, 13
23734, 93, 85, 10
23748, 97, 84, 9
23763, 98, 83, 8
23779, 95, 80, 6
23794, 91, 76, 5
23810, 106, 87, 1
23824, 116, 93, 3
23837, 96, 84, 4
23853, 101, 91, 8
23868, 106, 110, 12
23883, 109, 119, 10
23899, 118, 136, 8
23914, 119, 142, 3
23929, 116, 148, -4
23944, 106, 140, -9
23959, 98, 138, -9
23974, 78, 128, -3
23990, 69, 128, 1
24005, 59, 131, 7
24019, 57, 132, 11
24048, 52, 132, 7
24093, 30, 131, 13
24108, 23, 137, 14
24123, 23, 142, 13
24138, 18, 140, 10
24154, 16, 138, 8
24168, 11, 138, 12
24183, 11, 142, 18
24199, 16, 157, 27
24214, 19, 159, 27
24228, 24, 168, 28
24244, 23, 167, 28
24263, 20, 165, 33
24279, 18, 165, 35
24293, 54, 187, 40
24308, 58, 192, 36
24324, 39, 163, 27
24338, 42, 162, 25
24353, 58, 164, 23
24369, 70, 171, 25
24384, 88, 177, 30
24398, 93, 180, 31
24414, 97, 182, 34
24429, 90, 173, 32
24443, 73, 153, 30
24472, 59, 132, 24
24507, 56, 105, 8
24522, 59, 101, 5
24537, 61, 95, 1
24552, 62, 95, 0
24567, 67, 96, 6
24582, 69, 95, 9
24597, 72, 97, 12
24612, 74, 97, 14
24627, 76, 97, 15
24642, 77, 95, 16
24657, 81, 96, 18
24673, 94, 104, 18
24687, 102, 110, 20
24707, 109, 110, 24
24752, 96, 97, 8
24766, 94, 96, 2
24781, 89, 94, -2
24797, 94, 99, -10
24811, 93, 100, -10
24826, 79, 96, -2
24842, 89, 104, 3
24856, 107, 126, 8
24871, 113, 129, 9
24887, 119, 138, 9
24915, 110, 136, 3
24930, 89, 128, -4
24945, 77, 122, -6
24961, 55, 113, -7
24976, 49, 113, -6
24990, 43, 115, 0
25006, 39, 115, 1
25021, 33, 123, 5
25035, 31, 129, 9
25051, 21, 134, 14
25066, 15, 140, 18
25080, 1, 148, 24
25096, -5, 150, 20
25111, -11, 151, 18
25126, -21, 147, 20
25145, -26, 145, 27
25160, -25, 148, 28
25176, -20, 150, 25
25190, -15, 152, 24
25205, -11, 156, 27
25221, -12, 156, 25
25236, -4, 160, 31
25270, 29, 188, 35
25285, 34, 193, 32
25300, 35, 194, 24
25316, 43, 197, 27
25345, 67, 215, 46
25359, 72, 214, 48
25374, 71, 207, 41
25419, 46, 144, 27
25469, 51, 101, 10
25485, 59, 95, 5
25499, 64, 93, 4
25515, 73, 96, 3
25530, 77, 94, 4
25544, 78, 90, 6
25560, 75, 87, 8
25575, 75, 93, 12
25590, 81, 99, 15
25605, 95, 110, 20
25620, 96, 106, 16
25639, 95, 100, 9
25654, 95, 98, 5
25669, 87, 91, 1
25684, 82, 85, 0
25700, 84, 95, -8
25714, 99, 103, -6
25730, 96, 113, -1
25745, 102, 124, 6
25759, 111, 151, 11
25775, 116, 165, 14
25803, 105, 192, 5
25819, 91, 192, 0
25834, 55, 174, -12
25848, 35, 164, -10
25864, 5, 146, -6
25879, -6, 136, -1
25894, -21, 129, 9
25909, -27, 127, 10
25924, -26, 117, 9
25939, -28, 112, 4
25955, -41, 108, -3
25969, -54, 107, 0
25985, -63, 113, 7
26000, -80, 115, 24
26015, -83, 117, 30
26035, -85, 109, 35
26049, -87, 102, 32
26115, -95, 117, 35
26130, -95, 117, 35
26145, -95, 114, 33
26161, -85, 128, 33
26175, -74, 139, 31
26190, -64, 147, 30
26206, -46, 165, 30
26221, -39, 181, 34
26250, -5, 241, 36
26265, 18, 283, 32
26279, 23, 290, 33
26295, 34, 274, 32
26310, 42, 255, 33
26326, 47, 219, 38
26341, 56, 197, 37
26355, 68, 154, 24
26371, 74, 137, 13
26386, 85, 129, 3
26401, 94, 105, -11
26416, 94, 97, -9
26431, 82, 70, -7
26446, 77, 65, -3
26462, 75, 54, -9
26476, 80, 49, -17
26496, 84, 34, -32
26511, 82, 32, -38
26526, 86, 29, -38
26542, 79, 43, -34
26556, 88, 75, -35
26571, 118, 155, 4
26587, 104, 164, 22
26602, 83, 164, 29
26616, 60, 192, 25
26632, 49, 202, 10
26660, 8, 225, -3
26676, -27, 232, 12
26690, -47, 225, 23
26705, -87, 198, 28
26721, -103, 184, 28
26765, -134, 110, 22
26780, -154, 80, 20
26796, -158, 68, 18
26811, -154, 48, 10
26825, -150, 38, 6
26841, -139, 32, 6
26856, -132, 33, 8
26871, -117, 39, 11
26905, -95, 66, 15
26920, -88, 81, 17
26940, -52, 134, 13
26954, -42, 205, 14
26970, -46, 228, 21
26985, -44, 261, 31
26999, -41, 280, 34
27015, -21, 327, 52
27030, -1, 317, 52
27044, 24, 273, 50
27060, 27, 249, 44
27075, 32, 215, 38
27104, 45, 127, 6
27118, 55, 91, -10
27133, 62, 91, -16
27149, 64, 84, -18
27163, 60, 74, -19
27179, 59, 63, -27
27194, 62, 61, -27
27208, 73, 61, -19
27224, 83, 59, -12
27239, 90, 57, -8
27253, 91, 67, -10
27269, 92, 74, -16
27284, 121, 114, -28
27298, 104, 130, -19
27314, 64, 173, 6
27333, 36, 230, 26
27348, 17, 240, 22
27363, -3, 245, 6
27378, -17, 235, 2
27422, -77, 200, 13
27438, -105, 169, 22
27453, -113, 148, 22
27467, -125, 100, 13
27483, -128, 84, 9
27498, -130, 62, 12
27512, -132, 49, 15
27541, -134, 9, 17
27556, -134, 3, 22
27571, -130, -5, 20
27586, -126, -2, 18
27601, -110, 17, 22
27616, -105, 33, 28
27631, -103, 59, 29
27646, -93, 75, 23
27680, -60, 166, 21
27696, -64, 243, 41
27711, -62, 290, 46
27725, -77, 295, 32
27741, -71, 292, 33
27756, -30, 284, 43
27774, -4, 245, 34
27790, 5, 221, 35
27805, 6, 169, 24
27820, 10, 154, 18
27835, 17, 142, 10
27850, 29, 119, -5
27865, 30, 105, -11
27880, 21, 78, -10
27895, 15, 74, -7
27910, 20, 75, -8
27925, 33, 72, -14
27954, 53, 77, -26
27969, 54, 81, -24
27983, 45, 90, -23
27999, 38, 99, -16
28014, 54, 130, -33
28028, 70, 152, -26
28044, 59, 167, -10
28089, -31, 211, 29
28104, -45, 223, 34
28119, -46, 213, 29
28134, -44, 173, 11
28149, -53, 147, 0
28164, -64, 137, -8
28179, -82, 100, 8
28198, -98, 66, 18
28214, -110, 50, 16
28228, -126, 33, 22
28243, -137, 24, 22
28259, -157, 16, 25
28273, -161, 19, 29
28289, -164, 15, 29
28304, -162, 14, 20
28318, -158, 16, 15
28334, -139, 21, 13
28349, -130, 35, 19
28363, -117, 74, 22
28392, -99, 153, 23
28407, -110, 174, 28
28423, -120, 251, 46
28457, -99, 287, 41
28472, -72, 284, 36
28487, -44, 262, 32
28503, -33, 252, 29
28518, -9, 220, 32
28532, -4, 201, 33
28548, 6, 166, 21
28563, 16, 150, 9
28578, 31, 125, -9
28593, 34, 113, -12
28612, 32, 81, -14
28626, 26, 69, -11
28641, 19, 61, -11
28656, 24, 63, -14
28670, 47, 62, -27
28686, 58, 61, -32
28700, 73, 52, -29
28745, 80, 95, -29
28760, 110, 131, -17
28774, 104, 175, -1
28789, 94, 190, 12
28804, 65, 231, 27
28832, 11, 236, -1
28848, -9, 247, -24
28862, -17, 240, -28
28877, -26, 217, -16
28892, -38, 208, -3
28906, -69, 210, 31
28921, -83, 201, 41
28936, -101, 173, 37
28951, -104, 150, 23
28965, -102, 126, 12
28981, -97, 80, -3
28995, -95, 63, -6
29014, -97, 35, -6
29029, -99, 22, -3
29043, -97, 21, 1
29059, -97, 20, 3
29073, -97, 17, 4
29087, -97, 22, 5
29103, -100, 44, 9
29117, -99, 53, 6
29131, -91, 67, 6
29147, -88, 76, 12
29161, -88, 94, 22
29176, -76, 151, 29
29247, -48, 270, 49
29276, -39, 252, 56
29291, -38, 237, 51
29305, -40, 202, 39
29320, -38, 154, 28
29335, -33, 131, 26
29349, -13, 107, 15
29364, -2, 102, 5
29379, 21, 86, -12
29393, 28, 77, -21
29437, 37, 63, -29
29452, 46, 79, -13
29467, 49, 88, -2
29481, 46, 97, 10
29500, 47, 102, 13
29515, 57, 113, 12
29531, 59, 115, 11
29546, 53, 105, -2
29560, 58, 107, -6
29576, 67, 118, -14
29591, 59, 122, -14
29606, 36, 150, -2
29621, 16, 158, -2
29636, -19, 166, -7
29651, -27, 165, -13
29667, -22, 166, -24
29681, -21, 158, -29
29710, -30, 150, -13
29725, -33, 150, -7
29741, -38, 136, 0
29756, -38, 132, -3
29770, -38, 119, -7
29786, -37, 114, -8
29801, -37, 105, -12
29816, -37, 107, -10
29832, -34, 105, -3
29846, -34, 107, -2
29861, -35, 109, 5
29877, -34, 112, 7
29889, -33, 111, 7
29904, -32, 124, 11
29920, -32, 124, 9
29935, -28, 121, 7
29949, -26, 124, 5
29965, -25, 128, 3
29980, -23, 129, 0
29996, -20, 131, -5
30029, 0, 146, 2
30045, 13, 162, 5
30089, 35, 215, 19
30104, 23, 211, 28
30119, 7, 195, 48
30148, 10, 174, 62
30163, 27, 153, 66
30178, 32, 142, 68
30193, 37, 128, 78
30209, 36, 124, 86
30224, 37, 118, 99
30238, 39, 117, 97
30254, 45, 114, 90
30269, 44, 113, 82
30284, 41, 121, 83
30299, 37, 126, 84
30314, 31, 134, 93
30371, 34, 135, 79
30389, 34, 143, 74
30406, 35, 147, 70
30424, 36, 149, 63
30440, 39, 146, 57
30457, 39, 133, 43
30475, 40, 129, 38
30492, 40, 124, 30
30510, 42, 120, 25
30526, 46, 120, 24
30543, 48, 116, 15
30561, 47, 110, 10
30578, 46, 107, 7
30609, 46, 108, 8
30626, 45, 109, 10
30644, 43, 109, 11
30660, 43, 109, 8
30678, 48, 110, 0
30695, 59, 117, 0
30712, 57, 115, -1
30730, 52, 106, -7
30746, 46, 105, -7
30793, 47, 111, -17
30811, 52, 116, -23
30828, 56, 120, -22
30845, 57, 123, -18
30866, 57, 130, -11
30883, 53, 130, -9
30901, 52, 130, -13
30918, 54, 132, -16
30936, 54, 133, -19
30952, 57, 134, -27
30969, 58, 136, -29
30987, 52, 133, -25
31004, 47, 131, -21
31022, 47, 131, -17
31039, 47, 130, -14
31055, 50, 135, -12
31086, 47, 130, -16
31104, 47, 131, -16
31150, 29, 127, -5
31167, 26, 130, -1
31184, 27, 133, 0
31202, 24, 142, 5
31219, 17, 147, 16
31236, 15, 150, 16
31253, 12, 151, 20
31270, 12, 146, 18
31288, 15, 142, 16
31305, 22, 143, 12
31323, 32, 152, 13
31344, 38, 165, 19
31361, 41, 167, 22
31378, 39, 164, 22
31395, 46, 168, 23
31413, 53, 171, 24
31430, 57, 169, 19
31447, 59, 171, 20
31464, 59, 168, 22
31481, 49, 154, 23
31499, 50, 150, 24
31562, 83, 157, 27
31581, 82, 146, 28
31610, 72, 130, 21
31628, 76, 130, 20
31645, 69, 113, 13
31663, 64, 102, 12
31680, 61, 97, 10
31697, 57, 91, 4
31715, 59, 91, 6
31731, 59, 90, 5
31749, 57, 85, 6
31766, 55, 83, 7
31783, 57, 88, 7
31800, 59, 92, 10
31817, 53, 95, 9
31835, 53, 98, 10
31856, 57, 104, 5
31901, 58, 118, 4
31919, 52, 129, 7
31936, 50, 134, 9
31953, 44, 143, 5
31971, 53, 155, 9
31987, 47, 151, 12
32005, 26, 147, 21
32022, 19, 153, 14
32039, 22, 158, 9
32056, 29, 163, -6
32073, 33, 163, -5
32104, 7, 153, 4
32121, -1, 147, 6
32139, -18, 136, 9
32155, -28, 122, 5
32173, -29, 116, 3
32190, -31, 99, -1
32207, -29, 99, 4
32225, -30, 100, 6
32241, -39, 107, 13
32259, -51, 114, 18
32276, -57, 113, 22
32323, -66, 134, 36
32339, -66, 152, 45
32357, -67, 156, 48
32378, -66, 162, 54
32396, -66, 157, 46
32413, -69, 148, 45
32431, -70, 144, 43
32447, -70, 154, 44
32464, -57, 184, 52
32482, -44, 196, 50
32499, -17, 214, 39
32517, 13, 244, 34
32533, 28, 262, 37
32550, 50, 279, 46
32618, 91, 203, 40
32635, 87, 172, 30
32653, 79, 120, -7
32698, 101, 79, -41
32715, 89, 59, -38
32733, 66, 45, -23
32749, 57, 42, -16
32766, 54, 47, -11
32784, 57, 56, -17
32801, 55, 63, -17
32819, 48, 82, -23
32835, 71, 124, -45
32852, 82, 153, -31
32870, 46, 157, 5
32891, -15, 209, 65
32909, -50, 246, 77
32926, -44, 232, 65
32943, -41, 200, 43
32960, -57, 141, 14
32977, -87, 113, 38
32995, -108, 107, 51
33011, -145, 91, 56
33029, -162, 59, 49
33046, -159, 47, 46
33063, -142, 25, 38
33124, -103, 49, 22
33141, -81, 75, 16
33159, -72, 96, 17
33175, -61, 142, 16
33192, -25, 188, 16
33210, -27, 208, 12
33227, -15, 248, 17
33244, -13, 265, 17
33261, -3, 285, 16
33278, 29, 287, 13
33296, 39, 243, 25
33313, 36, 212, 30
33330, 34, 162, 22
33347, 56, 136, 11
33369, 68, 106, -4
33386, 67, 91, -5
33431, 62, 45, -29
33448, 68, 50, -27
33466, 77, 60, -26
33482, 72, 60, -22
33500, 62, 65, -18
33517, 48, 93, -24
33534, 85, 173, -32
33552, 69, 183, -21
33568, 24, 210, 15
33586, -26, 251, 36
33616, -59, 253, 20
33634, -71, 242, 10
33651, -99, 179, -6
33668, -116, 131, 7
33685, -121, 113, 15
33702, -133, 78, 21
33720, -146, 48, 30
33737, -148, 28, 33
33754, -139, 25, 30
33771, -128, 20, 14
33788, -115, 29, -3
33806, -106, 36, 0
33822, -97, 54, 14
33873, -54, 149, 6
33891, -25, 171, 5
33907, -21, 226, 5
33925, -25, 276, 27
33942, -36, 289, 35
33959, -18, 304, 37
33977, 12, 265, 22
33993, 17, 239, 16
34011, 29, 172, 1
34028, 37, 121, -7
34044, 44, 114, -5
34062, 60, 99, -4
34093, 48, 62, -14
34110, 65, 43, -26
34127, 75, 41, -32
34145, 83, 44, -33
34190, 60, 77, -18
34207, 86, 117, -40
34225, 98, 184, -18
34242, 42, 212, 19
34259, 19, 245, 39
34276, -11, 283, 37
34293, -14, 255, 3
34311, -24, 234, -8
34328, -56, 199, 5
34350, -89, 172, 37
34367, -107, 127, 40
34384, -112, 111, 38
34401, -114, 81, 36
34418, -111, 50, 29
34436, -108, 37, 24
34453, -89, 17, 6
34470, -68, 5, -16
34487, -67, 13, -27
34504, -64, 27, -16
34522, -59, 47, -12
34539, -71, 72, -12
34555, -69, 82, -10
34587, -34, 139, 10
34633, -69, 268, 75
34651, -65, 262, 67
34668, -4, 241, 31
34684, 11, 222, -5
34702, -6, 206, 8
34719, -22, 200, 31
34737, 8, 197, 24
34754, 15, 185, 25
34770, 9, 155, 31
34788, 20, 123, 24
34805, 29, 107, 12
34827, 43, 56, -27
34844, 45, 35, -40
34861, 58, 23, -61
34878, 73, 32, -53
34924, 74, 51, 1
34940, 88, 71, -22
34958, 124, 109, -25
34975, 116, 155, -3
34993, 111, 220, 34
35010, 88, 242, 41
35026, 64, 246, 26
35044, 58, 221, -2
35061, 50, 202, -9
35092, 31, 164, 4
35109, 23, 151, 13
35127, 8, 151, 20
35143, 1, 140, 25
35161, -8, 128, 25
35178, -10, 120, 20
35195, -12, 111, 17
35212, -13, 108, 14
35229, -25, 102, 23
35247, -28, 108, 29
35264, -36, 116, 37
35281, -31, 122, 36
35298, -31, 128, 30
35313, -32, 137, 25
35331, -35, 138, 21
35377, 23, 205, 17
35394, 33, 235, 11
35411, 35, 242, 9
35429, 41, 240, 27
35445, 37, 225, 50
35463, 34, 210, 52
35480, 42, 190, 39
35497, 56, 172, 20
35514, 58, 159, 7
35531, 57, 139, -3
35549, 53, 121, -5
35579, 54, 113, 2
35596, 58, 113, 4
35613, 66, 112, 3
35631, 77, 118, 4
35648, 83, 121, 0
35693, 72, 89, -2
35710, 75, 91, -1
35727, 87, 94, -2
35744, 98, 101, -1
35762, 99, 100, -1
35778, 95, 88, -4
35795, 96, 88, -6
35813, 111, 102, -9
35834, 109, 93, 6
35851, 96, 84, 12
35868, 95, 100, 12
35886, 103, 130, -4
35902, 107, 141, -12
35919, 112, 153, -26
35937, 105, 150, -29
35954, 97, 142, -23
35971, 75, 128, 1
35988, 60, 120, 17
36005, 57, 119, 22
36023, 54, 121, 25
36054, 50, 115, 16
36070, 54, 114, 3
36087, 60, 117, 3
36133, 60, 123, 12
36151, 60, 133, 22
36168, 57, 150, 32
36186, 53, 160, 37
36202, 51, 162, 36
36219, 52, 163, 28
36237, 60, 164, 19
36254, 61, 168, 13
36271, 54, 162, 11
36288, 42, 156, 21
36310, 73, 181, 28
36326, 86, 188, 23
36342, 61, 160, 3
36360, 52, 150, -2
36376, 46, 145, 1
36456, 87, 167, 22
36473, 83, 155, 21
36490, 80, 147, 18
36507, 76, 133, 12
36524, 80, 122, 9
36541, 83, 120, 6
36557, 85, 113, 6
36588, 91, 110, 12
36604, 93, 113, 13
36622, 92, 110, 17
36638, 93, 110, 17
36656, 94, 108, 17
36672, 99, 107, 18
36689, 95, 97, 18
36706, 94, 91, 18
36723, 94, 87, 12
36740, 106, 94, 8
36756, 111, 96, 7
36773, 112, 93, 5
36790, 106, 84, 6
36807, 109, 88, 6
36828, 136, 107, 11
36844, 106, 88, 9
36861, 98, 81, 14
36908, 109, 119, -1
36924, 112, 130, -11
36941, 114, 132, -14
36958, 99, 122, -15
36975, 78, 108, -5
36992, 70, 106, 0
37009, 61, 103, 10
37025, 59, 105, 13
37042, 56, 110, 15
37072, 54, 115, 11
37089, 50, 119, 9
37106, 49, 125, 15
37123, 46, 122, 13
37140, 50, 131, 9
37156, 53, 136, 8
37203, 47, 152, 25
37220, 47, 161, 23
37237, 47, 169, 20
37254, 48, 169, 21
37270, 47, 171, 27
37287, 38, 166, 30
37304, 34, 161, 31
37321, 55, 176, 35
37342, 71, 183, 27
37359, 54, 158, 17
37377, 48, 150, 20
37394, 55, 154, 19
37411, 74, 167, 25
37428, 92, 173, 29
37445, 99, 174, 32
37463, 100, 168, 33
37480, 93, 152, 30
37497, 89, 145, 28
37515, 83, 128, 23
37545, 79, 111, 13
37562, 79, 103, 7
37579, 81, 103, 8
37597, 81, 98, 10
37614, 82, 101, 16
37661, 80, 98, 20
37679, 77, 95, 20
37695, 73, 87, 17
37712, 74, 87, 21
37730, 79, 87, 21
37747, 91, 90, 17
37765, 96, 91, 16
37782, 104, 92, 11
37798, 102, 85, 11
37816, 97, 81, 13
37837, 94, 80, 4
37855, 110, 93, -5
37872, 92, 86, -3
37918, 97, 117, 3
37936, 108, 137, 0
37953, 112, 141, -6
37970, 111, 142, -7
37988, 95, 134, -7
38004, 79, 126, 2
38022, 72, 126, 6
38052, 65, 129, 10
38070, 58, 132, 8
38087, 52, 135, 6
38105, 50, 135, 6
38121, 40, 134, 8
38138, 32, 131, 14
38156, 28, 134, 18
38173, 29, 143, 22
38191, 28, 140, 12
38208, 28, 135, 5
38224, 27, 131, 4
38242, 28, 140, 8
38259, 30, 148, 9
38277, 31, 157, 13
38293, 31, 164, 23
38310, 28, 163, 26
38332, 23, 159, 29
38349, 46, 171, 31
38367, 63, 173, 26
38413, 59, 146, 16
38430, 72, 156, 23
38448, 97, 176, 35
38465, 105, 182, 38
38482, 108, 179, 37
38500, 103, 166, 34
38517, 95, 149, 27
38548, 83, 126, 16
38564, 81, 120, 12
38582, 80, 110, 6
38599, 83, 107, 4
38617, 84, 107, 3
38664, 71, 94, 14
38681, 73, 95, 17
38699, 74, 92, 18
38715, 72, 88, 16
38732, 71, 80, 11
38750, 72, 78, 9
38767, 81, 83, 10
38785, 86, 85, 12
38802, 88, 88, 11
38818, 91, 90, 13
38836, 87, 85, 10
38857, 86, 87, 10
38875, 91, 90, 4
38892, 101, 96, 3
38908, 84, 85, 7
38926, 85, 90, 11
38943, 94, 104, 9
38961, 103, 124, 4
38978, 109, 131, 2
38994, 117, 140, -3
39026, 100, 138, -5
39043, 89, 137, 1
39060, 85, 136, 3
39077, 75, 139, 9
39095, 69, 142, 15
39112, 65, 140, 14
39129, 57, 137, 13
39177, 40, 127, 12
39194, 38, 128, 13
39211, 37, 130, 10
39228, 36, 134, 15
39245, 35, 134, 18
39263, 38, 140, 24
39280, 42, 145, 22
39298, 45, 148, 19
39314, 49, 152, 15
39331, 42, 153, 16
39383, 56, 173, 32
39400, 70, 183, 29
39416, 62, 167, 19
39434, 57, 152, 13
39451, 59, 151, 18
39469, 78, 164, 28
39486, 94, 178, 33
39502, 102, 184, 33
39533, 104, 170, 28
39550, 99, 156, 22
39568, 94, 140, 15
39585, 90, 131, 9
39603, 82, 117, 5
39620, 81, 115, 2
39636, 80, 110, 2
39654, 82, 112, 7
39671, 76, 108, 9
39689, 74, 101, 11
39706, 75, 102, 14
39723, 76, 101, 16
39740, 78, 99, 14
39757, 76, 97, 15
39775, 75, 91, 11
39791, 78, 92, 11
39809, 85, 97, 11
39826, 97, 101, 11
39847, 99, 99, 13
39864, 93, 92, 14
39881, 91, 90, 15
39928, 95, 94, 2
39946, 80, 87, 6
39962, 80, 98, 10
39980, 89, 119, 7
39997, 95, 132, 6
40028, 95, 133, 3
40045, 93, 130, 1
40062, 79, 121, 6
40079, 69, 117, 11
40165, 60, 124, 10
40182, 58, 127, 13
40199, 57, 129, 14
40216, 53, 131, 13
40233, 50, 139, 17
40251, 45, 139, 19
40268, 40, 147, 18
40286, 42, 153, 18
40302, 43, 156, 15
40320, 42, 159, 14
40337, 49, 164, 15
40354, 50, 170, 18
40372, 40, 169, 22
40389, 30, 169, 29
40406, 29, 170, 30
40427, 62, 195, 32
40444, 56, 177, 27
40462, 35, 151, 20
40479, 36, 146, 17
40497, 59, 157, 20
40513, 79, 161, 24
40544, 101, 168, 27
40561, 102, 169, 27
40579, 97, 160, 29
40596, 89, 148, 29
40613, 88, 144, 28
40631, 90, 135, 24
40647, 90, 127, 20
40665, 93, 119, 16
40682, 95, 118, 17
40729, 92, 106, 18
40745, 93, 105, 18
40763, 92, 103, 20
40780, 91, 99, 21
40798, 90, 100, 21
40815, 84, 93, 19
40832, 86, 91, 18
40849, 88, 89, 15
40896, 93, 88, 10
40913, 92, 84, 10
40934, 113, 97, 5
40951, 119, 97, 6
40969, 96, 85, 9
40985, 81, 81, 17
41003, 82, 86, 14
41020, 91, 100, 6
41051, 106, 116, -5
41068, 108, 123, -7
41084, 105, 122, -8
41102, 93, 114, -4
41119, 81, 111, 0
41137, 80, 112, 0
41154, 77, 121, 4
41170, 73, 132, 8
41188, 70, 134, 8
41205, 66, 138, 8
41222, 60, 136, 11
41239, 58, 136, 13
41256, 57, 142, 17
41274, 53, 154, 18
41291, 50, 154, 15
41308, 42, 149, 13
41325, 35, 151, 15
41342, 35, 155, 15
41360, 38, 158, 12
41376, 41, 163, 12
41394, 41, 164, 14
41409, 40, 169, 23
41426, 36, 170, 32
41473, 68, 190, 29
41490, 51, 163, 20
41507, 44, 153, 17
41538, 66, 161, 24
41555, 89, 168, 29
41573, 104, 173, 31
41589, 105, 167, 31
41636, 78, 132, 28
41654, 80, 124, 22
41671, 80, 117, 18
41688, 80, 107, 9
41705, 82, 104, 7
41722, 82, 102, 7
41740, 80, 101, 9
41757, 80, 103, 14
41774, 78, 101, 15
41791, 78, 99, 17
41808, 82, 101, 21
41826, 81, 101, 22
41842, 85, 99, 22
41860, 91, 101, 22
41877, 95, 103, 21
41894, 103, 100, 18
41916, 107, 93, 15
41932, 100, 81, 11
41950, 98, 74, 4
41967, 107, 80, 2
41985, 122, 90, -1
42001, 97, 75, 3
42032, 89, 84, 6
42049, 97, 100, 6
42066, 103, 116, -1
42084, 107, 125, -9
42101, 108, 123, -11
42119, 101, 121, -5
42135, 92, 117, 6
42152, 87, 117, 9
42170, 81, 116, 9
42187, 77, 118, 11
42233, 67, 114, 3
42251, 66, 116, 3
42268, 66, 118, 4
42285, 66, 121, 8
42302, 64, 128, 10
42319, 64, 136, 8
42366, 58, 149, 11
42383, 60, 167, 15
42400, 63, 176, 16
42418, 63, 181, 15
42439, 53, 179, 15
42457, 32, 172, 24
42473, 22, 171, 28
42490, 55, 197, 32
42508, 61, 185, 26
42556, 46, 142, 14
42573, 64, 157, 22
42591, 76, 163, 28
42607, 90, 168, 29
42625, 93, 166, 30
42642, 89, 157, 24
42659, 80, 144, 24
42677, 77, 136, 23
42694, 81, 129, 18
42712, 81, 122, 16
42728, 83, 119, 16
42745, 85, 118, 16
42763, 86, 116, 16
42780, 88, 118, 18
42798, 89, 116, 23
42815, 88, 113, 25
42832, 90, 111, 25
42849, 89, 105, 24
42866, 97, 106, 24
42884, 99, 104, 23
42901, 106, 96, 19
42923, 115, 97, 14
42940, 119, 92, 9
42956, 110, 75, 7
43003, 107, 54, -16
43034, 105, 76, -15
43052, 101, 102, 7
43069, 100, 117, 18
43115, 101, 140, 9
43132, 96, 135, -2
43150, 92, 133, -5
43166, 79, 117, -2
43184, 73, 114, 3
43201, 72, 118, 7
43218, 68, 119, 2
43235, 67, 119, 3
43252, 65, 119, 3
43270, 61, 118, 4
43287, 57, 125, 8
43303, 57, 131, 12
43321, 53, 134, 11
43338, 52, 135, 7
43356, 53, 137, 3
43372, 57, 147, -3
43389, 55, 151, -1
43407, 54, 159, 2
43423, 60, 180, 11
43445, 59, 192, 14
43462, 44, 183, 22
43480, 30, 174, 25
43496, 20, 163, 25
43527, 60, 175, 15
43544, 45, 143, 9
43561, 44, 136, 6
43578, 56, 135, 8
43595, 79, 160, 18
43613, 86, 172, 25
43630, 102, 181, 31
43646, 107, 182, 36
43664, 105, 177, 37
43681, 97, 162, 35
43699, 93, 149, 29
43715, 94, 146, 28
43762, 99, 116, 10
43780, 99, 114, 13
43796, 101, 112, 15
43886, 96, 98, 19
43904, 95, 95, 20
43921, 98, 95, 18
43938, 106, 96, 15
43955, 116, 97, 14
43972, 115, 92, 12
43990, 105, 80, 10
44011, 96, 68, 6
44027, 112, 77, 5
44045, 112, 75, 7
44076, 99, 67, 23
44093, 122, 96, 22
44109, 135, 124, 15
44127, 133, 123, 8
44144, 123, 118, -4
44162, 110, 121, -4
44178, 102, 119, -3
44195, 89, 114, -4
44213, 81, 114, -1
44230, 82, 116, -3
44247, 82, 123, -4
44264, 80, 130, -8
44281, 79, 134, -7
44299, 76, 134, -2
44315, 70, 139, 9
44333, 66, 142, 13
44350, 66, 154, 17
44366, 65, 164, 13
44384, 65, 169, 14
44401, 59, 168, 17
44419, 55, 168, 21
44435, 54, 175, 24
44456, 51, 186, 23
44473, 40, 178, 29
44490, 33, 170, 34
44507, 32, 167, 36
44567, 60, 162, 30
44613, 76, 151, 33
44630, 87, 158, 34
44647, 104, 167, 36
44663, 114, 169, 38
44681, 115, 167, 38
44697, 107, 154, 33
44715, 102, 142, 30
44731, 100, 137, 30
44748, 98, 129, 24
44765, 96, 123, 19
44782, 98, 118, 14
44798, 101, 121, 15
44815, 100, 118, 14
44832, 95, 111, 17
44849, 93, 107, 20
44866, 92, 105, 21
44882, 92, 101, 24
44899, 94, 100, 21
44916, 97, 100, 20
44933, 100, 97, 16
44950, 104, 96, 15
44971, 107, 91, 12
44987, 109, 90, 11
45004, 105, 80, 10
45034, 100, 73, 3
45050, 118, 85, 2
45068, 119, 86, -2
45084, 97, 70, 0
45102, 92, 75, 4
45118, 100, 108, 5
45134, 103, 118, 3
45152, 109, 127, -2
45168, 112, 133, -3
45186, 109, 131, -3
45202, 96, 124, 3
45219, 83, 119, 14
45236, 79, 115, 17
45252, 73, 120, 22
45331, 65, 118, 6
45347, 64, 121, 7
45365, 63, 132, 17
45381, 60, 140, 20
45399, 57, 149, 28
45415, 47, 159, 24
45431, 41, 164, 25
45449, 28, 166, 31
45465, 33, 183, 38
45487, 39, 182, 31
45504, 39, 176, 27
45535, 35, 160, 31
45552, 46, 171, 36
45570, 70, 194, 31
45587, 62, 180, 29
45604, 37, 160, 24
45621, 38, 156, 28
45638, 49, 163, 27
45656, 75, 179, 25
45673, 93, 187, 23
45690, 100, 188, 30
45708, 98, 183, 32
45725, 90, 169, 33
45743, 86, 153, 28
45760, 85, 145, 26
45777, 88, 131, 18
45794, 90, 121, 14
45811, 93, 121, 12
45829, 92, 114, 9
45846, 91, 112, 16
45863, 91, 112, 17
45881, 88, 107, 22
45898, 84, 100, 21
45916, 85, 99, 21
45937, 89, 96, 21
45954, 90, 91, 21
46015, 109, 79, -2
46032, 102, 77, 2
46050, 98, 74, 4
46096, 101, 91, 17
46113, 95, 89, 20
46131, 99, 99, 19
46148, 108, 117, 12
46164, 117, 132, 4
46182, 117, 133, 2
46199, 109, 126, -2
46217, 98, 126, 0
46234, 91, 122, 0
46251, 83, 117, 1
46268, 77, 118, 0
46285, 74, 120, 1
46303, 72, 125, 5
46320, 65, 131, 6
46338, 63, 136, 6
46354, 60, 139, 5
46371, 54, 144, 8
46389, 51, 147, 8
46406, 49, 157, 8
46423, 47, 159, 2
46440, 48, 160, 1
46457, 44, 160, 1
46479, 39, 163, 5
46510, 42, 176, 7
46527, 44, 180, 9
46543, 37, 170, 13
46561, 31, 165, 16
46578, 25, 158, 17
46596, 55, 170, 16
46613, 56, 170, 8
46629, 50, 149, 2
46647, 55, 147, 8
46664, 63, 151, 13
46682, 80, 165, 22
46729, 103, 170, 34
46746, 99, 164, 36
46764, 90, 147, 32
46781, 87, 133, 27
46798, 86, 128, 22
46844, 87, 103, 10
46862, 89, 100, 9
46879, 89, 100, 9
46897, 87, 98, 11
46913, 85, 97, 15
46930, 86, 96, 17
46948, 92, 102, 18
46965, 91, 98, 17
46983, 91, 95, 19
47017, 100, 100, 18
47034, 106, 103, 17
47051, 103, 92, 14
47069, 100, 82, 14
47086, 101, 80, 12
47104, 123, 93, 5
47120, 112, 79, 8
47137, 101, 72, 11
47155, 98, 79, 9
47172, 104, 94, 0
47190, 106, 101, -6
47206, 112, 112, -10
47223, 108, 125, 1
47241, 104, 129, 5
47258, 90, 122, 8
47276, 75, 113, 9
47292, 72, 112, 8
47309, 69, 115, 5
47327, 67, 117, 4
47344, 64, 117, 2
47361, 60, 120, 1
47378, 54, 124, 5
47395, 52, 126, 6
47443, 59, 135, -4
47461, 60, 133, -6
47478, 61, 139, -4
47548, 51, 188, 6
47565, 47, 189, 9
47583, 39, 175, 10
47600, 35, 165, 13
47646, 66, 156, 13
47664, 60, 137, 10
47681, 68, 135, 9
47698, 93, 141, 13
47716, 112, 148, 15
47732, 119, 153, 19
47750, 125, 156, 22
47767, 121, 152, 27
47784, 113, 146, 30
47802, 94, 130, 26
47819, 85, 119, 23
47836, 82, 114, 21
47853, 77, 101, 13
47870, 80, 100, 14
47888, 81, 98, 12
47905, 82, 95, 9
47923, 83, 94, 12
47939, 83, 95, 13
47956, 82, 91, 15
47974, 80, 90, 17
47991, 82, 91, 19
48022, 88, 95, 14
48044, 98, 98, 12
48061, 108, 97, 11
48078, 109, 91, 8
48096, 104, 79, 5
48112, 104, 76, 4
48130, 127, 90, 7
48147, 122, 89, 9
48195, 97, 96, 11
48211, 106, 114, 5
48229, 119, 123, -5
48246, 124, 124, -10
48264, 115, 120, -9
48281, 99, 110, 2
48299, 90, 106, 9
48316, 77, 105, 19
48333, 75, 117, 27
48350, 74, 119, 25
48398, 74, 119, 1
48414, 73, 116, 0
48432, 71, 119, 4
48449, 68, 130, 9
48466, 68, 142, 11
48484, 64, 141, 14
48501, 59, 137, 9
48532, 62, 148, 0
48549, 62, 160, -9
48571, 60, 172, 3
48587, 54, 175, 8
48605, 42, 167, 20
48622, 39, 161, 19
48640, 54, 168, 20
48657, 81, 179, 18
48674, 62, 154, 16
48691, 54, 145, 15
48708, 60, 137, 17
48726, 87, 150, 22
48743, 111, 162, 26
48760, 122, 165, 30
48777, 128, 165, 33
48794, 118, 150, 31
48812, 113, 145, 30
48829, 104, 131, 25
48846, 98, 121, 21
48864, 98, 115, 19
48911, 91, 96, 10
48928, 88, 94, 11
48946, 86, 93, 13
48962, 83, 91, 15
48979, 83, 92, 17
48997, 83, 93, 20
49028, 81, 88, 19
49045, 82, 88, 18
49065, 89, 92, 17
49083, 100, 99, 15
49100, 102, 102, 16
49118, 97, 95, 12
49164, 116, 98, 5
49181, 112, 94, 7
49199, 91, 80, 7
49216, 90, 84, 10
49232, 97, 93, 8
49250, 104, 108, 0
49267, 114, 116, -8
49285, 113, 118, -12
49301, 110, 119, -15
49318, 97, 112, -7
49336, 89, 108, 0
49353, 78, 107, 7
49370, 78, 113, 16
49387, 81, 116, 16
49404, 83, 117, 10
49422, 84, 116, -1
49439, 83, 110, -3
49456, 80, 113, 0
49473, 79, 123, 7
49504, 73, 136, 9
49521, 72, 140, 8
49538, 67, 143, 12
49559, 63, 149, 11
49576, 66, 158, 9
49625, 72, 170, 7
49641, 63, 165, 13
49658, 51, 154, 19
49676, 48, 147, 20
49693, 82, 162, 21
49710, 86, 163, 17
49727, 72, 144, 12
49744, 65, 131, 15
49762, 71, 139, 22
49778, 82, 147, 24
49796, 102, 156, 28
49813, 113, 158, 29
49830, 117, 157, 29
49847, 111, 149, 30
49864, 103, 143, 28
49911, 96, 125, 21
49928, 98, 119, 19
49945, 99, 112, 17
49963, 99, 111, 18
49980, 102, 107, 19
50011, 100, 103, 15
50027, 100, 101, 17
50044, 100, 100, 18
50066, 97, 99, 22
50083, 93, 95, 20
50101, 97, 93, 21
50117, 97, 92, 18
50135, 103, 95, 13
50152, 103, 92, 12
50169, 102, 90, 11
50186, 95, 79, 7
50203, 110, 87, 7
50221, 115, 91, 8
50238, 101, 79, 8
50254, 85, 72, 8
50272, 86, 76, 10
50289, 93, 92, 0
50337, 112, 115, -9
50355, 110, 116, -7
50371, 96, 110, 0
50388, 88, 107, 9
50406, 85, 109, 15
50423, 83, 110, 13
50440, 85, 117, 6
50457, 84, 119, 4
50475, 79, 122, 0
50505, 68, 127, 7
50522, 69, 138, 18
50539, 67, 145, 19
50556, 68, 152, 16
50578, 67, 155, 10
50595, 62, 149, 8
50612, 57, 148, 9
50629, 58, 158, 13
50676, 61, 166, 23
50694, 59, 166, 25
50711, 56, 164, 25
50728, 89, 187, 30
50745, 95, 189, 30
50762, 63, 160, 23
50780, 41, 135, 25
50797, 43, 132, 26
50814, 66, 145, 28
50831, 89, 152, 24
50848, 96, 155, 23
50866, 109, 155, 24
50883, 110, 152, 28
50900, 106, 149, 27
50917, 95, 139, 24
50934, 92, 131, 21
50952, 90, 125, 19
50982, 90, 113, 15
51000, 91, 108, 13
51016, 94, 108, 12
51064, 96, 105, 15
51086, 92, 102, 21
51103, 91, 100, 23
51121, 87, 95, 22
51137, 90, 95, 17
51154, 94, 95, 16
51172, 96, 90, 12
51189, 98, 87, 12
51206, 100, 86, 12
51223, 95, 80, 10
51240, 116, 91, 7
51258, 127, 98, 8
51274, 115, 90, 7
51292, 84, 72, 9
51309, 77, 73, 10
51326, 73, 84, 8
51343, 89, 101, -2
51360, 95, 104, -8
51378, 111, 120, -16
51424, 105, 115, -1
51479, 77, 115, 12
51495, 75, 113, 5
51526, 69, 104, -8
51544, 66, 102, -9
51561, 66, 108, -5
51577, 67, 115, 1
51595, 70, 129, 6
51612, 74, 145, 7
51633, 71, 150, 3
51650, 69, 154, 3
51667, 64, 162, 2
51684, 56, 164, 1
51701, 49, 168, 4
51719, 43, 175, 20
51736, 38, 173, 29
51752, 37, 170, 31
51801, 93, 176, 17
51818, 70, 142, 8
51834, 64, 132, 9
51852, 74, 134, 15
51869, 93, 151, 22
51886, 99, 158, 23
51903, 108, 161, 22
51920, 106, 155, 19
51938, 102, 149, 17
51954, 93, 136, 14
51972, 86, 124, 12
51989, 87, 124, 13
52020, 83, 112, 11
52036, 82, 110, 12
52054, 83, 106, 14
52071, 82, 102, 15
52088, 84, 100, 16
52109, 87, 100, 12
52126, 91, 102, 13
52144, 89, 98, 11
52161, 85, 91, 12
52177, 87, 89, 14
52225, 98, 90, 11
52241, 98, 87, 11
52258, 96, 82, 12
52276, 96, 80, 12
52292, 117, 91, 13
52310, 104, 87, 13
52327, 88, 75, 13
52343, 67, 70, 8
52361, 75, 83, 2
52378, 86, 93, -1
52395, 101, 105, -9
52412, 112, 116, -10
52429, 112, 119, -11
52447, 99, 117, 1
52463, 86, 116, 16
52525, 79, 118, 6
52542, 82, 123, 6
52559, 83, 126, 3
52576, 82, 134, 6
52593, 80, 137, 7
52611, 71, 142, 6
52628, 64, 143, 5
52648, 57, 142, -1
52665, 54, 137, -3
52682, 52, 133, -11
52699, 52, 135, -14
52716, 52, 144, -16
52732, 56, 160, -6
52749, 59, 169, 0
52766, 58, 174, 8
52783, 52, 173, 17
52800, 52, 171, 19
52816, 77, 181, 18
52833, 87, 173, 10
52850, 75, 156, 7
52867, 61, 132, 4
52884, 62, 127, 7
52900, 78, 129, 12
52917, 99, 138, 20
52963, 121, 143, 32
52994, 114, 134, 36
53010, 110, 128, 32
53027, 108, 123, 29
53044, 101, 113, 26
53060, 97, 105, 29
53078, 95, 103, 29
53094, 91, 97, 28
53114, 92, 96, 27
53132, 93, 96, 30
53148, 89, 90, 30
53165, 87, 85, 29
53283, 114, 73, -2
53300, 115, 80, 4
53317, 103, 79, 17
53334, 103, 84, 21
53351, 123, 102, 26
53367, 104, 94, 30
53385, 97, 94, 29
53401, 100, 105, 20
53419, 101, 108, 13
53435, 103, 108, 1
53451, 102, 109, -11
53469, 102, 113, -17
53485, 94, 113, -18
53502, 85, 108, -14
53519, 80, 108, -10
53550, 77, 117, 0
53567, 73, 121, 4
53583, 73, 126, 2
53600, 75, 127, -1
53617, 78, 127, -4
53634, 77, 129, -5
53651, 75, 134, -4
53671, 72, 142, -6
53689, 63, 136, -8
53706, 58, 137, -8
53724, 45, 129, -9
53741, 40, 128, -9
53787, 57, 135, 3
53805, 66, 140, 10
53822, 77, 144, 16
53839, 78, 144, 18
53856, 79, 140, 20
53873, 114, 162, 22
53891, 113, 164, 23
53908, 91, 139, 18
53925, 70, 118, 16
53943, 73, 113, 17
53960, 86, 118, 23
53977, 101, 126, 25
53994, 113, 130, 27
54025, 112, 124, 30
54042, 107, 121, 30
54060, 97, 114, 29
54077, 97, 112, 27
54094, 97, 110, 26
54112, 94, 103, 22
54129, 95, 101, 21
54151, 97, 101, 21
54168, 96, 99, 18
54184, 100, 104, 21
54202, 95, 96, 22
54219, 93, 95, 23
54237, 91, 93, 22
54254, 97, 98, 22
54272, 98, 98, 22
54289, 98, 93, 17
54306, 97, 87, 12
54331, 102, 87, 10
54348, 97, 84, 7
54366, 107, 90, 2
54383, 119, 91, 4
54401, 114, 91, 8
54417, 96, 79, 11
54434, 86, 78, 12
54452, 80, 84, 15
54469, 81, 89, 8
54529, 79, 98, -22
54546, 75, 97, -19
54563, 71, 94, -9
54581, 73, 99, 0
54598, 74, 103, 6
54616, 75, 109, 5
54632, 76, 114, 2
54649, 79, 117, 0
54671, 82, 118, -1
54688, 86, 126, -4
54706, 92, 138, -7
54722, 93, 144, -6
54739, 88, 148, -6
54757, 78, 148, -3
54774, 74, 149, -4
54791, 63, 146, -11
54808, 58, 151, -9
54825, 54, 149, -6
54843, 52, 148, -2
54860, 58, 155, 5
54877, 60, 154, 6
54894, 59, 148, 10
54912, 76, 154, 13
54929, 97, 165, 16
54946, 105, 171, 20
55013, 70, 114, 10
55030, 77, 117, 10
55048, 89, 117, 7
55065, 98, 124, 15
55083, 99, 125, 16
55100, 96, 122, 18
55116, 93, 121, 22
55134, 92, 119, 22
55151, 93, 118, 20
55173, 95, 116, 21
55190, 96, 115, 23
55207, 96, 112, 26
55224, 95, 110, 26
55241, 93, 103, 26
55288, 96, 98, 21
55306, 93, 92, 17
55323, 93, 89, 18
55341, 94, 89, 15
55358, 98, 89, 12
55375, 102, 91, 7
55392, 101, 90, 6
55409, 101, 91, 5
55435, 110, 96, 8
55452, 120, 102, 13
55470, 112, 101, 19
55500, 75, 86, 16
55518, 73, 84, 8
55534, 74, 86, 2
55552, 77, 86, -10
55569, 83, 98, -23
55586, 81, 98, -24
55604, 78, 97, -24
55620, 72, 93, -13
55638, 69, 92, -10
55655, 66, 92, -1
55676, 73, 102, 3
55694, 80, 109, 1
55711, 83, 116, -2
55729, 84, 116, -2
55745, 88, 125, 0
55762, 91, 133, 4
55780, 93, 137, 5
55797, 92, 140, 5
55815, 84, 137, 4
55832, 81, 135, 3
55848, 73, 133, 4
55866, 64, 130, 5
55883, 64, 130, 6
55901, 63, 133, 8
55918, 63, 133, 9
55936, 65, 135, 11
55965, 100, 150, 17
55983, 116, 162, 22
56030, 44, 103, 15
56047, 43, 96, 9
56064, 61, 103, 0
56081, 84, 112, -2
56098, 91, 116, 1
56116, 101, 126, 14
56133, 101, 132, 27
56150, 101, 132, 28
56171, 97, 127, 24
56188, 98, 123, 17
56206, 101, 116, 15
56222, 102, 113, 14
56240, 104, 105, 13
56257, 106, 101, 14
56274, 107, 98, 13
56292, 109, 96, 11
56309, 115, 100, 14
56326, 116, 101, 13
56343, 110, 96, 12
56360, 103, 82, 8
56378, 104, 80, 5
56394, 107, 85, 2
56412, 116, 94, 2
56429, 112, 96, 2
56460, 91, 83, 6
56485, 86, 83, 11
56502, 88, 87, 13
56519, 91, 91, 10
56537, 92, 96, 0
56554, 89, 96, -6
56571, 87, 95, -7
56589, 80, 95, -8
56605, 74, 95, -10
56623, 70, 93, -11
56644, 71, 95, -9
56662, 69, 94, -12
56679, 73, 98, -13
56695, 73, 100, -14
56713, 71, 99, -17
56760, 78, 114, -2
56776, 78, 115, -1
56794, 77, 118, 1
56811, 77, 121, 1
56828, 77, 123, 3
56845, 77, 124, -2
56862, 73, 123, -5
56880, 72, 119, -5
56897, 74, 123, -4
56914, 72, 123, -5
56945, 67, 118, -7
56962, 65, 115, -7
56979, 67, 113, -5
56996, 68, 112, -5
57014, 70, 111, -1
57031, 72, 110, -2
57048, 77, 111, 1
57065, 79, 108, 0
57082, 78, 105, -1
57100, 77, 102, -3
57116, 77, 101, -3
57138, 77, 97, -3
57155, 83, 102, -5
57172, 80, 99, -7
57190, 79, 94, -5
57206, 76, 90, -3
57224, 83, 90, -4
57241, 87, 92, -3
57259, 90, 92, -4
57275, 92, 95, 1
57292, 93, 96, 3
57310, 92, 96, 3
57326, 94, 96, 1
57344, 92, 95, 0
57361, 87, 89, -3
57378, 88, 88, -5
57409, 91, 95, 0
57425, 90, 95, -1
57443, 89, 95, 1
57490, 82, 97, 3
57506, 81, 97, 3
57524, 78, 98, 7
57549, 84, 105, 12
57567, 90, 113, 15
57584, 96, 119, 19
57601, 96, 120, 18
57618, 93, 118, 16
57635, 83, 109, 13
57657, 75, 99, 13
57673, 71, 96, 12
57691, 75, 100, 13
57708, 77, 100, 12
57725, 77, 101, 12
57743, 80, 102, 13
57759, 79, 100, 16
57777, 82, 101, 19
57794, 81, 102, 19
57811, 82, 103, 19
57828, 83, 105, 14
57845, 81, 102, 12
57863, 78, 99, 9
57893, 81, 99, 6
57911, 83, 103, 9
57927, 84, 106, 10
57945, 86, 109, 14
57962, 85, 108, 18
57979, 85, 108, 18
57996, 86, 109, 18
58013, 85, 105, 17
58031, 88, 105, 14
58048, 88, 100, 8
58064, 88, 94, 6
58082, 90, 95, 3
58099, 88, 90, 1
58121, 88, 88, 0
58138, 91, 93, 3
58155, 90, 92, 3
58172, 89, 95, 9
58219, 86, 95, 12
58235, 88, 96, 10
58253, 88, 94, 8
58270, 86, 93, 11
58288, 85, 95, 10
58304, 85, 96, 13
58321, 84, 98, 15
58339, 85, 99, 18
58370, 82, 96, 16
58387, 82, 95, 16
58403, 80, 96, 14
58421, 81, 96, 15
58438, 83, 100, 18
58456, 78, 98, 19
58473, 78, 97, 19
58490, 76, 98, 19
58508, 78, 99, 19
58524, 80, 102, 22
58542, 78, 104, 21
58559, 80, 108, 26
58585, 73, 104, 28
58602, 73, 105, 27
58619, 75, 105, 24
58641, 77, 102, 17
58657, 78, 105, 16
58675, 78, 107, 18
58692, 74, 109, 17
58710, 74, 111, 19
58727, 73, 109, 19
58744, 72, 111, 24
58761, 71, 111, 25
58778, 69, 108, 20
58796, 72, 107, 18
58813, 75, 106, 15
58844, 78, 104, 25
58860, 74, 104, 30
58877, 72, 103, 31
58895, 75, 108, 30
58911, 82, 108, 23
58958, 91, 93, 8
59011, 121, 96, 6
59028, 121, 94, 5
59044, 118, 93, 4
59062, 126, 103, 3
59079, 130, 104, -1
59096, 123, 101, 1
59113, 114, 96, 6
59130, 108, 94, 7
59148, 99, 93, 11
59168, 94, 87, 7
59186, 95, 80, 0
59203, 99, 80, -3
59219, 102, 82, -2
59237, 106, 87, -1
59254, 106, 86, -2
59272, 102, 90, -2
59288, 92, 83, -2
59305, 87, 82, -2
59323, 80, 81, -3
59354, 72, 78, -5
59370, 70, 79, -4
59387, 68, 78, -6
59405, 65, 78, -4
59422, 67, 83, -1
59439, 66, 85, 0
59456, 68, 92, 1
59473, 70, 102, 5
59490, 68, 103, 7
59507, 65, 111, 8
59525, 62, 112, 4
59542, 59, 109, 0
59558, 56, 112, -7
59576, 53, 114, -9
59593, 54, 116, -6
59611, 60, 126, -3
59627, 68, 138, -1
59657, 75, 149, 2
59674, 92, 164, 8
59721, 76, 149, 13
59738, 72, 144, 10
59755, 65, 129, 0
59772, 64, 121, -9
59790, 64, 118, -11
59806, 68, 114, -6
59838, 85, 125, 7
59854, 94, 131, 16
59872, 97, 135, 20
59889, 97, 130, 24
59907, 92, 121, 24
59924, 89, 118, 22
59940, 85, 104, 16
59958, 81, 96, 12
59975, 77, 92, 11
59993, 78, 87, 9
60009, 77, 83, 4
60026, 78, 84, 2
60044, 76, 80, 3
60061, 75, 78, 6
60079, 74, 80, 8
60095, 76, 83, 12
60112, 76, 85, 12
60130, 75, 85, 12
60147, 72, 80, 9
60168, 72, 80, 9
60185, 80, 87, 3
60203, 88, 93, 0
60220, 93, 96, 0
60236, 102, 105, 0
60254, 116, 115, 5
60271, 129, 127, 11
60302, 128, 132, 27
60319, 105, 125, 30
60337, 80, 105, 21
60353, 66, 95, 14
60370, 57, 92, -5
60388, 60, 92, -18
60404, 64, 92, -24
60451, 81, 102, -1
60469, 80, 107, 4
60485, 75, 112, 15
60503, 72, 113, 14
60520, 69, 110, 12
60536, 70, 103, 6
60554, 74, 100, -3
60571, 75, 100, -6
60589, 77, 106, -11
60605, 77, 107, -9
60622, 71, 107, -5
60640, 69, 111, 2
60660, 67, 117, 7
60678, 65, 120, 3
60702, 63, 119, 0
60719, 57, 118, -1
60736, 54, 119, 0
60752, 54, 118, 0
60783, 55, 123, -2
60800, 63, 131, 0
60816, 64, 138, 1
60833, 65, 145, 4
60850, 65, 149, 9
60867, 76, 159, 15
60883, 91, 169, 13
60901, 87, 163, 13
60917, 68, 138, 12
60934, 56, 116, 6
60951, 60, 115, 4
60967, 75, 119, 1
60985, 95, 126, 5
61001, 100, 130, 6
61018, 101, 132, 11
61035, 92, 127, 19
61051, 87, 123, 20
61069, 79, 118, 22
61085, 79, 116, 21
61102, 82, 113, 18
61123, 87, 109, 16
61169, 87, 99, 16
61187, 89, 101, 16
61203, 86, 97, 16
61219, 85, 97, 19
61237, 85, 95, 19
61267, 82, 89, 17
61284, 81, 82, 15
61300, 79, 80, 15
61318, 83, 79, 12
61334, 90, 81, 10
61351, 94, 86, 10
61368, 99, 90, 8
61385, 99, 94, 7
61402, 106, 98, 6
61419, 122, 110, 7
61435, 113, 112, 10
61452, 97, 101, 8
61469, 65, 95, 5
61486, 57, 88, 2
61503, 59, 91, -2
61519, 72, 101, -10
61537, 80, 105, -16
61553, 93, 111, -16
61571, 96, 119, -8
61587, 92, 117, -3
61608, 80, 122, 11
61625, 69, 124, 16
61642, 66, 123, 13
61660, 66, 119, 5
61677, 67, 111, -4
61694, 65, 110, -11
61734, 71, 122, -3
61752, 69, 124, -2
61769, 64, 118, -4
61787, 65, 123, -2
61803, 65, 124, -5
61820, 60, 121, -9
61838, 56, 118, -4
61855, 53, 116, -5
61901, 62, 124, -5
61919, 66, 127, -5
61936, 66, 129, -1
61954, 63, 133, 7
61971, 77, 147, 15
61987, 91, 154, 18
62005, 98, 159, 19
62022, 81, 140, 16
62040, 71, 130, 16
62057, 71, 123, 21
62073, 84, 127, 30
62091, 92, 129, 33
62112, 107, 131, 31
62130, 120, 130, 29
62147, 117, 126, 25
62164, 115, 122, 25
62181, 106, 115, 25
62213, 98, 106, 28
62229, 94, 99, 23
62246, 92, 97, 20
62264, 90, 92, 18
62281, 85, 86, 12
62299, 83, 84, 14
62315, 76, 77, 12
62332, 71, 73, 13
62350, 69, 71, 11
62367, 66, 69, 12
62385, 67, 70, 11
62401, 68, 72, 11
62418, 72, 75, 10
62436, 81, 82, 7
62453, 99, 95, 8
62471, 110, 101, 7
62487, 108, 101, 10
62504, 109, 103, 11
62522, 120, 109, 11
62539, 127, 118, 20
62557, 106, 104, 19
62625, 91, 112, -12
62642, 98, 120, -20
62659, 100, 123, -14
62691, 81, 112, -2
62708, 79, 113, 6
62726, 73, 115, 15
62743, 76, 120, 12
62760, 75, 117, 7
62777, 72, 106, -4
62794, 73, 103, -9
62812, 72, 104, -9
62829, 70, 107, -9
62846, 66, 111, -3
62864, 64, 113, -2
62880, 58, 110, 0
62898, 52, 107, 1
62915, 51, 108, -1
62932, 51, 110, -6
62950, 56, 111, -6
62967, 64, 119, -4
62984, 71, 125, -2
63001, 76, 134, 1
63019, 77, 134, 5
63036, 76, 136, 10
63053, 73, 139, 14
63070, 99, 154, 18
63091, 114, 162, 19
63109, 102, 150, 16
63179, 98, 126, 11
63197, 111, 131, 11
63214, 115, 132, 16
63232, 111, 128, 17
63248, 103, 124, 20
63265, 95, 121, 19
63283, 92, 120, 17
63300, 92, 115, 17
63318, 89, 109, 14
63335, 90, 109, 15
63382, 86, 93, 15
63398, 82, 89, 14
63416, 84, 87, 14
63433, 80, 80, 12
63451, 83, 78, 9
63467, 81, 75, 8
63484, 74, 69, 9
63502, 70, 68, 12
63519, 70, 68, 13
63537, 82, 76, 14
63553, 96, 87, 17
63570, 101, 93, 19
63588, 102, 94, 13
63605, 107, 98, 11
63627, 131, 112, 10
63659, 104, 97, 15
63676, 88, 95, 15
63692, 71, 89, 8
63710, 78, 100, -2
63735, 96, 113, -14
63753, 111, 125, -21
63770, 111, 123, -14
63788, 104, 122, -10
63804, 91, 116, 7
63821, 84, 123, 16
63839, 82, 127, 16
63856, 78, 125, 8
63874, 72, 116, 0
63891, 69, 113, -2
63907, 68, 110, -5
63925, 66, 114, -5
63942, 66, 117, -2
63960, 66, 121, 3
63977, 64, 124, 3
63993, 63, 122, 1
64011, 65, 121, -3
64028, 63, 121, -6
64046, 62, 121, -6
64063, 58, 119, -2
64113, 73, 135, 5
64146, 74, 141, 15
64163, 72, 137, 18
64181, 105, 162, 26
64197, 118, 170, 25
64215, 99, 155, 24
64232, 66, 124, 21
64249, 65, 114, 17
64267, 74, 118, 17
64284, 97, 124, 15
64302, 107, 127, 14
64318, 120, 130, 17
64335, 126, 136, 28
64353, 122, 132, 30
64370, 114, 125, 33
64388, 109, 120, 31
64405, 107, 116, 28
64422, 102, 107, 24
64440, 101, 102, 22
64457, 99, 98, 22
64474, 94, 89, 19
64491, 88, 84, 16
64508, 84, 84, 15
64526, 86, 83, 17
64543, 85, 82, 21
64560, 80, 77, 22
64595, 75, 70, 24
64613, 79, 70, 23
64630, 81, 73, 22
64648, 92, 81, 20
64665, 98, 87, 15
64681, 97, 87, 14
64699, 94, 86, 5
64716, 106, 97, 2
64734, 115, 104, 3
64750, 107, 103, 10
64776, 76, 93, 11
64793, 74, 98, 8
64811, 83, 106, 1
64857, 97, 117, -23
64874, 96, 119, -23
64891, 85, 113, -14
64909, 81, 112, -5
64925, 77, 118, 5
64943, 78, 124, 5
64960, 81, 125, 0
64977, 79, 122, -6
64994, 79, 124, -6
65011, 79, 125, -3
65029, 83, 135, -1
65046, 81, 140, -3
65094, 65, 133, -7
65116, 58, 130, -9
65133, 54, 127, -10
65150, 47, 120, -7
65167, 49, 121, -3
65184, 52, 122, -3
65202, 61, 125, 0
65219, 66, 129, 5
65236, 67, 129, 8
65253, 72, 134, 14
65270, 107, 158, 19
65288, 116, 162, 20
65305, 102, 151, 20
65321, 79, 127, 21
65339, 74, 118, 22
65356, 78, 113, 20
65374, 100, 120, 18
65391, 110, 123, 18
65408, 121, 126, 20
65425, 126, 132, 28
65442, 123, 130, 31
65460, 108, 121, 33
65477, 100, 115, 32
65494, 97, 115, 31
65511, 99, 116, 26
65528, 98, 108, 24
65564, 98, 103, 24
65611, 87, 89, 24
65629, 85, 86, 23
65645, 81, 81, 20
65662, 79, 76, 17
65680, 78, 74, 14
65697, 77, 72, 12
65715, 78, 67, 11
65731, 79, 69, 12
65748, 85, 76, 10
65766, 94, 85, 8
65783, 92, 85, 4
65800, 95, 89, 6
65817, 113, 99, 6
65835, 124, 116, 13
65860, 99, 101, 16
65878, 76, 99, 13
65895, 72, 100, 10
65912, 73, 100, -1
65929, 85, 107, -10
65946, 88, 111, -17
65964, 90, 110, -23
65981, 87, 111, -17
65998, 83, 107, -11
66030, 77, 108, 6
66046, 79, 113, 8
66068, 83, 117, 3
66085, 89, 119, 1
66103, 94, 124, 3
66119, 96, 128, 4
66137, 95, 134, 5
66154, 91, 139, 3
66171, 87, 140, 2
66188, 78, 136, -4
66205, 69, 129, -6
66223, 67, 126, -5
66240, 61, 121, -5
66256, 58, 119, -4
66274, 57, 118, -3
66291, 57, 115, 2
66337, 69, 117, 11
66355, 74, 119, 14
66372, 74, 116, 14
66390, 77, 114, 13
66406, 118, 128, 10
66423, 107, 132, 5
66441, 86, 119, 12
66458, 78, 115, 16
66476, 81, 114, 24
66507, 109, 119, 22
66524, 117, 122, 22
66541, 116, 124, 28
66563, 107, 117, 27
66580, 96, 108, 30
66597, 89, 105, 31
66615, 89, 103, 29
66632, 90, 103, 25
66649, 90, 100, 17
66666, 91, 101, 14
66683, 90, 97, 10
66701, 89, 96, 9
66717, 89, 94, 7
66735, 87, 92, 7
66752, 85, 92, 7
66769, 84, 92, 9
66787, 79, 87, 7
66803, 76, 86, 9
66821, 76, 85, 7
66838, 79, 83, 2
66854, 82, 80, -3
66872, 83, 80, -3
66897, 84, 84, -4
66915, 95, 94, -2
66932, 110, 107, 3
67008, 35, 122, 6
67025, 37, 123, -7
67043, 47, 121, -25
67060, 55, 125, -29
67078, 58, 135, -25
67128, 55, 175, 6
67145, 43, 161, 11
67163, 27, 153, 3
67180, 22, 143, -2
67196, 22, 113, -23
67214, 28, 98, -31
67231, 27, 100, -25
67249, 26, 100, -15
67266, 22, 98, -15
67282, 19, 102, -10
67300, 16, 100, -3
67317, 14, 108, 4
67335, 12, 113, 5
67352, 11, 115, 8
67368, 12, 123, 9
67386, 11, 126, 9
67403, 11, 136, 12
67421, 15, 140, 14
67438, 17, 142, 12
67454, 19, 133, 8
67486, 20, 136, 19
67504, 27, 150, 31
67521, 37, 164, 40
67537, 39, 160, 37
67555, 38, 150, 31
67572, 33, 144, 32
67594, 27, 134, 33
67610, 22, 137, 34
67628, 17, 130, 35
67645, 11, 105, 31
67662, 9, 100, 29
67679, 6, 99, 29
67696, 3, 109, 33
67714, 4, 116, 36
67730, -1, 102, 29
67747, 2, 112, 29
67765, 1, 110, 25
67782, -4, 115, 23
67799, -7, 125, 31
67846, -10, 133, 36
67863, -13, 123, 30
67879, -7, 122, 32
67897, -16, 123, 29
67914, -15, 128, 27
67932, -7, 121, 30
67963, -14, 116, 17
67980, -17, 117, 23
67997, -21, 122, 24
68023, -6, 108, 2
68040, -27, 112, -2
68057, -25, 105, -9
68078, -24, 126, 14
68096, -20, 125, 15
68113, -23, 127, 16
68130, -28, 119, 6
68147, -31, 122, 22
68164, -31, 119, 20
68182, -34, 114, 29
68199, -32, 135, 40
68215, -32, 149, 43
68233, -53, 141, 42
68250, -48, 124, 32
68268, -55, 118, 30
68285, -83, 88, 21
68301, -96, 77, 17
68319, -92, 93, 27
68336, -70, 127, 62
68354, -57, 133, 66
68370, -46, 126, 64
68387, -65, 129, 47
68419, -53, 86, 13
68436, -74, 66, 24
68453, -74, 59, 25
68470, -63, 63, 27
68488, -66, 78, 34
68505, -70, 78, 36
68526, -66, 89, 42
68543, -63, 95, 48
68589, -64, 106, 35
68605, -72, 113, 38
68623, -80, 118, 41
68639, -84, 115, 41
68657, -77, 92, 16
68673, -69, 83, -3
68689, -66, 80, -9
68707, -63, 87, -2
68723, -72, 110, 21
68741, -70, 116, 29
68757, -72, 116, 33
68774, -68, 108, 22
68791, -60, 102, 15
68807, -60, 102, 2
68825, -60, 103, 1
68841, -60, 111, 6
68858, -59, 116, 12
68889, -51, 114, 7
68905, -50, 118, 1
68923, -53, 117, -6
68939, -59, 117, -9
68957, -61, 115, -11
68973, -60, 114, -13
68994, -59, 116, -18
69011, -56, 121, -21
69037, -55, 119, -23
69054, -56, 118, -27
69070, -61, 121, -26
69088, -40, 111, -38
69104, -52, 103, -41
69122, -54, 106, -31
69138, -54, 116, -26
69155, -49, 118, -25
69172, -45, 115, -27
69189, -48, 110, -27
69206, -54, 113, -30
69223, -55, 117, -31
69239, -59, 123, -36
69257, -61, 122, -45
69303, -49, 109, -37
69319, -47, 106, -38
69337, -49, 107, -38
69368, -57, 106, -39
69385, -55, 104, -42
69401, -55, 112, -43
69419, -56, 121, -46
69440, -59, 113, -51
69456, -52, 98, -61
69474, -57, 98, -60
69491, -58, 97, -63
69509, -52, 106, -61
69526, -56, 105, -67
69543, -57, 105, -64
69561, -50, 103, -64
69578, -59, 102, -60
69596, -58, 104, -60
69613, -58, 106, -61
69630, -55, 98, -68
69648, -50, 96, -69
69665, -49, 92, -65
69682, -62, 93, -67
69699, -59, 94, -67
69716, -55, 96, -68
69734, -63, 97, -68
69751, -52, 94, -68
69769, -60, 95, -69
69786, -62, 91, -70
69818, -55, 94, -66
